22 16 T 180
16 14 H 180

14 16 H 180



























18 16 H 180
23 18 T 180
18 20 H 180
21 18 H 180
20 20 H 180
24 12 T 180
26 12 T 180

























17 11 T 90
18 12 T 180

10 12 H 180

12 10 T 90


























22 20 H 180
24 22 H 180
22 16 H 180
28 14 H 270
24 24 H 180




22 24 H 180






















7 11 T 90
8 14 T 90
4 10 H 180
14 17 H 270

6 16 H 180


























11 7 H 180
14 7 H 180
10 4 H 180
17 2 T 180

21 6 T 180


























15 4 H 180
22 0 T 180

16 -2 T 90
14 -2 H 180
23 3 T 180
20 4 H 180

























20 23 T 90

16 24 H 180
16 22 T 90
14 22 H 180



























12 -2 T 90
