

18 5 H 270
10 4 H 180





















12 2 H 180





16 3 T 90
16 6 T 90
18 3 H 180
22 8 T 180
20 4 H 180
21 2 H 180





14 8 H 180




















18 1 H 180
22 0 T 180

16 -2 T 90
14 -2 H 180

18 -3 T 90


18 -6 H 180






















12 -2 T 90
18 -3 H 270
12 -6 H 180
8 -2 T 90

14 1 H 270










10 -6 H 180





26 -6 T 180









22 3 H 180
28 6 H 270

24 7 T 90















22 8 H 180












22 12 H 180


26 12 T 180

24 12 T 180


























18 16 H 180
22 16 T 180
14 16 H 180

16 14 H 180
23 18 T 180
21 18 H 180


20 20 H 180







18 20 H 180














22 20 H 180
24 22 H 180
24 24 H 180
22 16 T 90
22 24 H 180




























