
25 9 H 270
29 7 T 270
26 1 H 0
24 15 H 0
27 15 T 270
25 0 H 90
23 0 T 270
24 -5 T 90




24 -4 H 270

23 2 H 0
23 5 H 0
19 4 H 0
27 4 T 270
18 1 T 90
20 4 H 180
22 0 T 0
26 16 H 180
24 -1 H 90
25 22 H 180

27 18 H 270
30 28 T 180
20 -1 H 90
15 -5 H 180

19 19 T 270
24 15 H 0
18 16 T 90
18 19 T 90
22 24 T 180


20 22 T 90

14 19 T 180
18 18 H 270
13 -1 H 180
14 -4 T 0
7 1 T 0
16 24 H 90
10 -3 H 180
7 2 H 270

10 -2 H 270
13 16 H 270
8 -2 T 90
14 19 T 90
9 21 H 0
12 24 H 270
16 17 H 90

6 3 T 270
3 7 T 0
18 -4 H 270
20 -5 H 180
5 0 T 180
10 23 T 0
6 21 T 180
2 22 T 90
7 -4 H 270

6 -5 T 180
6 19 H 0
8 -3 H 270
0 21 H 90
4 -5 H 0
18 4 H 180
3 0 H 180
16 0 H 0
11 8 H 90
0 21 H 180
13 23 H 180
5 18 T 180
13 16 H 90
0 18 H 90
5 4 T 270

8 12 H 90
9 11 H 0
7 17 T 0

14 5 H 270
4 9 H 0
3 7 H 90
5 -4 T 90
-6 25 H 90
0 14 T 90
0 -1 H 90
10 8 T 270
-4 7 T 0

-6 5 H 180
3 22 T 270
-1 16 H 180
7 7 H 0
-3 16 T 180
15 9 H 0
-2 10 H 0
-5 8 T 90
3 19 H 90


-2 7 H 90

11 9 H 90


-3 23 T 270
1 24 H 90







-3 0 H 270
1 12 T 0
1 1 T 270
-2 23 H 270
3 23 T 0


1 17 H 180
-1 3 T 0



17 15 H 270
-2 18 T 0
-1 16 T 180

2 16 T 90
24 23 H 0


14 9 T 270


22 24 H 90






19 9 T 0

2 24 T 90


9 5 T 270
18 16 H 0


18 15 T 180






2 5 T 0
10 3 H 180
14 2 H 90

2 5 H 0



-5 5 H 90



9 24 H 180





12 2 T 180


-2 6 T 90
23 19 T 270


23 20 H 270










13 30 H 180







13 23 T 90



14 25 T 90
18 25 T 0
11 8 T 180











11 10 T 90
17 24 T 0


3 9 T 270





















