27 17 T 90
25 24 T 270
29 16 T 270
27 18 H 180
23 19 T 180
28 24 H 270

26 19 T 0
25 9 H 180
22 19 H 180
15 20 T 180
12 17 H 270
27 6 T 90
26 11 H 270

24 3 T 90
14 19 H 270
13 22 H 180
13 19 H 270
20 18 T 90
22 21 T 90
19 5 T 90

28 4 H 90


24 5 T 270
14 19 T 90
14 17 H 90
14 15 H 180

24 0 H 270
20 1 T 270
22 -3 T 90
19 21 H 180
15 24 T 180
26 1 T 0

13 22 T 90

5 19 T 180
9 18 H 270


-1 19 H 270
9 24 H 90
-4 23 T 180


0 29 T 180
4 16 H 270
4 18 T 90
3 16 H 180
10 14 H 180
10 12 T 0
19 19 H 270
9 9 T 0
-1 24 H 0
4 13 H 0
-5 22 H 180
9 7 H 180
19 0 H 180
-5 16 H 270
5 21 T 180
1 22 T 90
17 14 H 270
14 6 H 0
0 12 T 180
14 4 H 270
-4 14 T 0
5 9 H 90
13 19 H 180
-4 11 H 0
0 10 H 180
-1 7 H 0
17 -5 H 0
3 5 T 270
-5 10 H 270
-3 3 H 0
0 2 H 90
0 -1 H 90
9 8 T 180

-5 18 H 90

1 -1 T 270


-5 17 H 0
6 10 T 270
11 4 H 180
10 -2 H 90
12 0 H 180


10 9 H 90
9 0 H 0
8 2 H 180
9 -5 H 0
9 4 T 0
7 4 T 270
-2 -5 T 180
21 30 T 180
3 5 T 270
19 -6 T 90
3 -5 T 0
8 4 H 90

1 -3 H 180

15 24 H 90


5 -1 H 270
18 24 H 90







5 5 H 180

11 6 H 90
1 -7 H 270
20 17 H 270


19 16 H 90
4 -3 T 270



13 25 H 270
25 13 H 270
18 -5 T 180

24 0 H 90
2 2 T 270


2 -1 T 0


17 3 H 270






19 5 T 0

2 0 T 90


3 7 H 0
3 15 H 0


1 14 T 180






-2 26 T 0
-1 4 T 90
0 6 T 180

14 3 H 0



10 9 H 90



14 15 H 0





-2 23 H 90


-2 25 T 90
0 24 T 270


2 26 H 270










19 2 H 90

1 24 H 90





21 9 T 90



22 9 T 90
11 25 H 0



1 2 H 180








4 1 T 90
12 24 H 0


3 23 T 270





6 25 H 0
4 26 H 90














