27 17 T 90
25 12 H 270
28 14 H 0
27 18 H 180
30 19 H 180
27 19 H 270

24 23 T 270
23 22 T 90



27 6 T 90
24 19 H 270

26 24 T 180
20 19 T 0
24 18 T 0
24 4 H 0
20 13 T 90
20 21 T 90
24 -3 H 90

28 4 H 90


22 19 H 0
24 0 T 270
23 -4 H 90
23 -3 H 180
23 1 T 270
14 19 H 0
22 -4 T 0
19 -2 T 90
17 21 H 180
13 24 T 180
13 18 T 180

11 22 T 90


19 6 H 90
15 18 T 180
14 15 H 0
10 19 H 270
7 24 H 90
8 19 H 90
9 13 T 0
8 22 H 90
6 19 H 270
9 11 T 90
2 19 T 0
8 14 H 180
16 0 T 90
4 12 H 270
18 1 T 180
11 0 H 180
3 24 H 0
18 4 T 0
4 20 H 180
5 13 H 180
14 9 H 0
1 23 T 0
-3 21 T 180
19 6 T 90
12 -3 H 270
9 -1 T 180
21 3 T 180
-2 19 H 270
8 -4 T 90
19 5 T 180
19 -2 H 0
6 -2 H 0
14 6 H 270
15 1 H 0
-3 17 H 180
-2 16 T 90
8 8 T 270
15 5 T 270
18 6 T 0
0 22 T 90
9 17 H 90

-7 14 T 180
8 5 H 0
9 8 H 270


-5 9 H 0
3 7 H 90
20 15 T 90
-6 25 H 90
4 -1 H 0

9 2 T 270


2 0 H 180
0 12 H 90
-3 7 H 270
2 -2 H 0
11 -5 T 180
15 9 H 180
2 -6 H 0
5 2 T 90
-1 -5 H 0
1 7 T 270

-1 18 H 180

-4 20 H 90


0 3 H 0
1 24 H 90



4 0 H 0

0 -2 H 90
0 -1 T 180
24 14 H 90
-4 0 T 90
-3 -1 H 180
-2 23 H 270
-6 2 H 270
21 30 T 90


3 7 T 0



8 6 H 270
-6 2 H 180
20 8 T 180

5 28 H 90
5 0 H 0


12 0 H 0


17 24 T 270






8 -2 H 270

21 24 T 90


9 30 H 180
21 25 T 270


13 23 H 90






8 26 T 0
9 4 T 90
10 8 T 180

21 -4 H 0



19 -5 H 90













2 1 T 270


9 25 H 270










13 24 T 0













6 2 T 180





































