
-1 25 T 90
-5 23 H 90

0 17 T 0
1 24 H 270


-1 22 T 90




1 26 T 90

0 12 T 270
0 8 T 90
-4 9 T 180
2 16 H 270

2 21 T 90
0 3 T 270

4 10 H 180


-1 19 H 180
-2 0 H 270

1 2 H 270


-2 20 T 270





7 22 T 90





-2 -2 H 270
11 24 H 90
0 -3 H 180


0 5 H 270

1 19 T 0
9 19 H 180
10 19 T 270
13 24 H 270
-1 14 T 0

16 24 H 0
-2 -3 T 0


6 24 T 0
20 23 T 0
22 21 T 180
7 24 T 90

25 23 T 270

-2 18 T 270
26 18 H 270

24 24 T 0
25 17 H 0

27 16 H 0
0 0 H 90
8 19 H 270
-1 0 H 270
15 19 T 0
25 25 T 0
21 19 H 0
7 21 H 90

20 23 H 90

13 30 T 0

24 15 T 90


1 23 T 90






23 14 H 270
24 23 T 180
25 15 H 270
8 13 T 0
21 14 T 180
19 30 H 180
18 25 H 0
11 24 T 90



7 16 T 180


8 11 H 270

14 15 T 90
24 9 H 0



23 9 T 90


24 3 T 0
9 12 T 90
8 12 H 90
11 17 T 90


14 19 H 90

19 16 T 270
21 11 H 90

10 10 H 90
12 3 T 90
16 14 H 270
14 23 T 0
24 -1 T 180

13 18 H 180



8 9 T 180
4 6 T 270

1 -3 T 180
25 -1 T 180
23 5 T 0
23 -4 H 270

24 7 H 180
8 3 H 0
22 4 T 0
7 -1 H 90
21 9 T 90


3 7 H 0
20 3 H 0

13 0 H 270
10 -3 T 180


15 -2 T 270
9 -1 H 180


24 4 T 0



6 2 H 0



6 2 H 90


7 -4 T 270
8 8 H 90
9 1 H 180





15 -2 H 270
23 1 T 270
15 0 T 90
12 -4 H 90
19 0 H 90

20 -1 H 270
14 1 T 270





17 5 H 0



24 0 H 90

19 -4 H 180










13 6 T 0
15 0 T 180
12 9 H 90
19 9 T 270









26 17 T 90



9 -2 T 270

14 10 T 0










7 3 H 90








