4 6 H 180
11 10 H 0
6 7 H 180
6 8 H 180
14 10 T 180
5 8 H 180
13 8 T 180
10 8 H 90
4 11 H 180


18 11 T 270
15 15 T 90

15 8 H 180
9 1 H 180
15 1 H 270
12 6 T 90
13 16 T 90
22 6 H 270
18 18 H 270
13 18 H 180
14 22 H 90
22 9 T 180
24 10 H 0
22 17 H 270
21 8 H 90
19 12 T 90
15 10 H 180
19 18 T 0
24 12 T 0
23 6 H 180
17 19 H 180
24 1 H 180
21 1 H 180
19 1 T 180
23 8 H 180
8 14 T 90
29 4 H 0
10 14 H 180
19 9 H 0


11 3 T 90
8 7 T 0
26 -2 H 270

26 0 H 0
25 19 T 270
21 0 H 0
19 -1 T 90

22 -7 H 180
22 17 T 90
18 -6 T 90
14 -7 H 180
24 17 H 90




21 10 H 180
24 20 H 180


22 19 T 90
25 20 T 180


19 23 H 90
8 -7 T 90
7 10 H 180


12 16 T 270

29 4 T 180
5 9 H 180
14 -6 T 90
30 21 H 270


23 -1 H 270



3 -7 H 180

3 -5 H 180
28 10 H 0
3 3 H 0
-2 2 T 90
1 6 T 270
23 14 H 180



0 2 T 270
15 20 T 180
3 4 H 270
0 8 H 270
1 1 T 270
-3 15 T 0
-1 14 H 90
13 20 H 180
-1 -7 T 90

-3 -4 H 180
1 18 T 0


2 7 T 180
8 25 T 0
5 16 H 0
1 9 T 90
-6 4 H 180

-3 11 H 90
0 20 T 0
0 19 T 90
-4 19 H 180
1 23 H 0
4 17 H 270
-4 15 T 90
17 -3 H 180



