4 6 H 180
11 10 H 0
6 7 H 180
6 8 H 180
14 10 T 180
5 8 H 180
13 8 T 180
10 8 H 90
16 9 T 90

19 12 T 270
18 8 T 180
23 11 H 270
20 18 H 0
13 6 T 90
9 1 H 180
15 1 H 270
15 10 H 180

16 20 H 90
14 20 T 90
13 20 H 180
8 17 H 90
13 19 H 0
25 11 T 180
24 19 H 0
7 12 T 90
18 17 H 180
12 0 H 180
17 24 T 0
22 20 T 90
21 19 H 180
14 2 H 180

18 11 T 90
18 22 H 90
20 19 H 180
13 20 T 180
8 2 H 180
11 4 H 180
26 22 T 270
28 12 H 270

22 11 H 180
6 16 T 0
24 6 H 270
24 22 H 90
24 8 H 0
24 15 H 180
23 0 T 180
23 20 T 90
20 2 H 90
20 1 H 180
18 -5 H 180
15 -7 T 90
10 -7 H 180
5 0 H 0

2 2 H 0
0 3 H 270
-2 8 H 90
6 0 H 180
27 3 H 0
24 4 T 90

24 0 T 90
0 0 H 0
0 12 H 90

16 16 T 180
24 6 H 180
2 -6 H 180
29 9 T 180
0 1 H 0
17 16 T 180

2 14 H 0
23 8 H 180
-2 10 T 90
12 21 H 90
0 9 T 270

6 14 T 270
-2 18 H 90


-7 4 T 90
1 15 T 180
0 16 T 270
24 21 H 90
1 17 T 180
0 11 T 90

-3 -6 H 180



1 19 H 90

-1 19 T 90




-7 10 T 90
-7 19 H 180

0 14 H 180




1 19 H 270
20 -5 H 180
0 16 H 180
-2 15 H 180

11 18 H 270


24 -4 H 180
23 0 T 0
4 0 H 270

24 -7 T 90



