24 23 T 0
21 26 T 90
25 22 T 180
21 25 H 180
15 25 H 180
21 25 H 90
16 21 H 90
17 21 H 180
10 24 H 90
16 26 H 0
16 19 T 0
11 26 T 270
3 23 H 90
11 19 H 270
6 19 H 180
11 18 H 0
4 20 H 90
19 16 T 180
8 22 T 180
21 15 T 180
22 14 T 270
24 17 T 270
9 21 H 180
26 16 H 0
16 14 T 270
17 13 T 0
21 13 H 0
7 18 T 90
4 18 T 270
6 17 H 180
14 10 T 180
17 7 T 90
15 5 T 90
23 10 T 180
25 10 H 270
11 8 T 270
11 8 H 270
24 8 H 0
14 9 H 180
10 14 H 180
14 6 H 270
9 9 H 90
20 1 T 0
15 -2 H 270
14 -1 H 270
3 17 H 0
9 10 H 180
13 0 H 0
13 5 T 180
26 1 T 90
10 2 H 0
8 12 T 180
24 7 H 0
6 9 H 270
8 -3 T 90
22 -5 H 180
25 4 H 270
13 21 H 180
1 -1 T 0
3 25 T 0

-3 25 T 0

23 5 H 270
-2 22 T 90
-1 11 H 90
-2 10 H 90

4 6 T 0
4 3 T 180
25 -2 H 270
2 -1 H 180





3 6 T 0
-3 22 T 0

7 3 T 270
0 1 H 180

6 -1 T 90
-2 3 H 0


13 -1 T 90
