24 1 T 180
22 4 H 0
26 -2 T 180
22 -1 T 0
26 2 T 180
25 8 T 180
25 5 H 90
26 8 T 90
22 6 T 0
22 11 H 90
26 11 H 270
27 16 T 180
20 17 T 180
23 13 H 90

23 14 H 180
25 18 H 0
20 14 H 180
16 4 H 90
18 2 H 180
17 1 H 90
15 4 H 90
22 11 H 270
18 11 H 0
16 16 H 90
16 19 H 180
13 11 H 180
15 13 T 90
16 7 T 180
18 -2 H 180

13 12 T 0
11 14 T 0
8 10 T 270
9 6 T 0
5 11 T 180
3 7 T 90
6 6 H 180
23 17 T 90
8 6 H 0
2 5 T 90
-2 3 T 90
15 16 T 0
12 -2 H 270
11 -1 H 270
11 1 H 0
1 8 T 270
0 10 T 270
16 23 H 180
17 26 H 180
13 24 H 0
2 14 T 90
2 12 H 270
9 18 H 180
8 12 T 90
-2 11 T 90
-2 13 H 90
-4 12 T 90
23 25 T 180
1 15 T 270
-2 21 T 180
2 19 T 180

6 1 H 0
19 24 T 90
1 23 H 270
2 24 H 270
5 -2 T 0
6 -1 T 180
1 3 H 180
-3 -2 H 180
11 26 T 90
26 22 T 0



6 26 T 0
6 22 T 0
23 24 H 270
8 20 T 0



8 18 T 90
9 13 H 0


-1 22 H 0
