24 25 H 180
24 23 H 90
25 23 T 180
18 25 T 270
17 25 H 180
25 25 H 0
15 25 H 90
13 26 H 180
7 23 T 0
12 22 H 270
18 25 T 0
5 22 H 180
5 21 H 90
11 20 H 270

11 19 H 0
12 26 T 0
9 17 T 270
17 22 H 180
9 15 T 90
5 15 T 90
15 21 T 90
6 10 T 180
21 19 H 270
25 20 T 90
3 11 T 0
22 14 H 270
0 9 T 90
-1 16 H 180
8 13 H 180
1 17 H 180
0 20 H 270
16 14 T 180
14 12 H 270
14 13 H 0
0 26 H 180
-3 8 H 180
17 14 H 0
-4 24 T 90
1 19 T 180
-2 15 H 180
-4 8 T 0
27 12 H 180
22 15 T 270
21 14 T 270

-2 24 T 90
1 8 H 180
14 10 H 0
4 5 T 0
17 9 H 180

2 6 H 180
22 11 H 90
27 6 H 0
24 1 T 90
13 7 T 90
-1 25 T 90
23 4 H 270
12 9 T 0
6 6 T 270
9 8 H 270
7 2 T 180
23 4 T 180
7 2 T 0
2 -1 H 180
24 0 H 0
17 5 H 270
18 6 H 90
10 -3 H 0
20 -2 T 180
-1 0 T 90
11 -1 H 0





13 -1 H 270


7 8 H 180
0 -1 H 270
9 3 T 90
15 1 T 180
13 1 T 180

4 22 T 90
