25 0 H 90
23 0 H 0
23 -2 H 90
25 6 T 180
25 7 H 90
25 -1 H 270
26 7 H 90
26 11 H 90
23 17 T 270
22 12 H 180
25 5 H 270
22 19 H 90
21 15 T 180
20 13 H 180

19 13 H 270
26 12 T 270
17 15 T 180
22 7 H 90
15 15 T 0
15 19 T 0
21 9 T 0
10 18 T 90
19 2 H 0
20 -1 T 0
11 21 T 270
14 2 H 180
10 22 T 90
16 25 H 90
13 15 H 180
17 23 H 90
20 24 H 180
14 8 T 90
12 10 H 180
13 10 H 270
26 24 H 90
14 27 T 270
14 7 H 270
24 24 H 180
19 23 T 90
10 8 H 180
8 4 H 180
11 21 T 0
6 26 T 270
5 25 T 270

13 26 H 90
9 4 T 180
11 1 H 0
10 -2 H 0
14 0 H 180
7 22 H 0
11 16 T 270
10 16 T 180
5 3 H 90
5 16 H 180
24 22 H 180
2 21 T 90

-3 1 H 0
3 -2 H 90
1 2 H 90
6 12 T 180
6 16 T 0
6 12 T 0
3 15 T 180
0 16 H 180
10 11 T 90
1 23 H 90
-3 23 T 270
2 27 T 270
8 -1 H 180
2 10 T 0



-1 5 H 180
-1 9 H 180
-1 10 H 270


-1 14 H 90

9 11 T 90
4 3 H 0


27 22 T 90
