-3 22 T 270
-1 18 H 0
-1 19 H 90
-2 11 T 180
3 19 H 90
2 22 H 270
-2 15 T 0
0 11 T 180
0 16 T 180
2 14 T 180
0 9 T 0
1 17 T 180
2 16 T 180
-2 5 H 0
8 19 H 180
-4 2 H 270
6 11 H 180
7 17 T 270
1 4 H 90
11 17 H 270
13 21 H 90
1 4 H 0
15 19 H 270
3 3 H 90
2 1 H 90
5 -2 H 180
8 -2 H 0
17 17 T 270
15 15 H 180
7 -3 T 270
11 -2 H 270
10 1 H 180

11 1 T 270
13 7 T 90
2 18 H 270
15 15 T 0
11 1 T 270
8 11 T 90
16 1 H 270
18 10 H 0
4 11 T 90
14 1 T 180
10 8 H 270
10 4 H 270
6 5 T 180
14 2 H 270
21 0 H 90
22 1 H 180
20 16 T 0
21 7 T 270
23 3 T 90
19 4 T 270
21 10 T 180
19 9 H 0
8 2 H 270
4 8 T 90

6 7 T 270
6 4 T 180
4 4 H 180
22 4 H 0


22 7 T 90
0 13 H 0

5 8 T 180

21 8 T 0
23 15 H 90
22 15 H 180
2 11 T 180
24 19 H 270
27 18 H 90
24 20 H 270
15 4 H 270
18 19 H 90
17 24 T 270
14 4 H 90
20 24 H 0
23 4 T 270
17 26 T 90
15 24 T 0
22 12 T 90
16 22 H 0
11 28 T 180
21 23 H 270
22 13 H 0
25 10 T 0
12 22 T 0
8 22 T 270
9 24 T 270
24 20 H 180
25 24 H 0
18 23 T 180
23 24 H 270
5 27 T 90
21 22 H 90
15 11 H 270
-1 27 H 180
12 12 T 90
-3 29 T 90
-4 25 H 90
8 25 T 0

3 26 H 270
-4 19 T 270

3 25 T 180
5 21 H 0
3 24 H 180
18 0 T 0


15 5 T 0
-1 24 H 270



16 1 H 90









