-3 22 T 270
-2 18 T 270
2 19 T 90
-3 16 T 90
1 14 H 180
1 22 H 270
-1 17 H 270
0 11 T 180
3 16 T 0
6 21 H 180
0 9 T 0
-3 6 T 180
9 17 T 270
10 20 T 270
2 5 H 180
-4 2 H 270
2 1 H 270
6 17 H 270
10 17 H 180
5 9 T 270
13 20 H 90
15 20 H 0
9 12 T 270
0 12 T 90
4 7 T 180
7 8 T 180
-1 14 T 0
10 6 H 180
5 -1 T 270
5 14 H 90
13 4 T 270
12 1 T 0
5 6 T 270
13 1 H 270
9 0 H 180
7 7 H 90

4 14 T 270
15 15 H 270
16 -1 T 0
10 3 H 270
5 5 H 90
5 16 H 180
16 12 H 90
17 9 T 90
15 9 H 90
13 7 T 270
19 17 H 90
12 13 T 0
20 16 T 0
21 7 T 270
7 7 H 180
18 1 T 270
17 1 T 270
19 12 H 0
15 4 H 270
20 11 T 90
15 6 T 270

18 2 H 180
21 9 T 270
12 10 H 0



11 10 H 0



21 -1 T 90

2 -3 H 270
24 -1 T 0

23 7 H 270

24 10 T 0
23 14 T 180
23 18 T 270
27 20 T 0

24 17 T 0
24 10 T 90
25 23 T 90
26 11 T 90
3 -1 H 270
27 23 H 90
27 22 T 180
19 22 T 270
2 17 T 0
18 21 T 0
24 25 T 270
23 3 T 0

16 24 H 180
12 22 T 180
16 23 H 270
16 27 T 90
19 27 T 180
23 22 H 270
22 24 T 90
17 11 T 90
10 25 T 90
9 22 T 180
22 21 H 0
10 27 T 270
6 27 H 270
23 5 T 270
23 6 T 0
13 29 H 270
3 27 H 90
20 23 H 180
9 -4 T 0
9 24 T 270
5 -1 T 90
7 7 H 270
8 25 H 0
2 27 T 90
12 28 T 270
2 26 H 0
-1 25 H 90

0 24 H 180
2 23 H 0
7 28 T 270
-6 22 H 270




