-3 22 T 270
-2 18 T 270
2 19 T 90
-3 16 T 90
1 14 H 180
1 22 H 270
-1 17 H 270
0 11 T 180
3 16 T 0
6 21 H 180
0 9 T 0
-3 6 T 180
9 17 T 270
10 20 T 270
2 5 H 180
-4 2 H 270
2 1 H 270
6 17 H 270
10 17 H 180
8 13 T 90
4 10 T 0
5 8 T 270
11 19 H 0
0 12 T 90
1 16 H 90
6 2 H 180
8 3 T 0
9 10 T 270
5 -1 T 270
13 4 H 90
9 12 H 180
12 13 H 90
11 0 T 90
9 7 T 0
15 16 T 90
9 -1 H 270
16 2 H 0
8 -3 T 270
16 1 H 180
17 20 H 270
17 -2 T 90
21 1 T 270
18 15 H 180
20 2 H 270
21 14 T 90
16 3 H 90
15 14 T 0
4 0 T 270
10 7 H 180
3 15 T 270
21 3 H 90
13 13 T 0
23 6 H 180
24 13 H 180
4 15 H 0
24 6 H 270
24 4 H 270
20 15 H 180
21 10 H 90
17 11 T 180
19 10 H 0
19 2 H 0
20 8 H 270
24 15 T 270

1 -1 H 0
21 22 H 90
19 3 T 270
19 23 H 270
19 26 T 270
16 21 T 180
16 27 H 90
14 10 H 0
23 20 T 180
24 22 H 270

7 5 H 270
18 25 T 180
10 26 T 270
8 21 H 90
20 24 T 0
13 -3 H 0
19 25 H 270

17 12 T 270
7 7 H 90
9 24 T 90
2 22 H 180
13 27 T 270
25 10 T 0
13 26 T 0
5 27 T 180
24 24 H 90


24 22 H 90
3 24 H 270
-1 27 T 90

23 14 H 270

14 5 H 180
-1 28 T 90

-2 27 T 90



26 26 H 180
-2 22 H 90
-2 24 H 90

15 22 T 0
12 0 T 90
19 26 H 270
6 15 T 0




22 14 H 90


21 14 T 0
6 2 H 0
-6 22 H 270




