23 3 T 90


24 6 H 90

27 9 T 270

21 3 H 90
19 0 T 0
20 7 T 0
20 0 H 90

11 0 T 0
28 1 T 270

9 1 H 0
19 4 H 180
21 -5 T 90

18 -7 H 180
16 -1 T 90
11 -6 T 90
23 -3 H 180
19 6 H 90
15 1 H 180
15 2 T 0
12 -1 H 180

4 -4 T 180
20 9 H 180
24 15 H 0
27 15 H 270

27 22 T 270
16 2 T 90
19 18 H 90
23 16 H 180
24 15 H 180
24 14 H 180
21 8 H 180
24 0 H 90
16 8 H 180

12 3 T 0
24 -2 T 90
19 12 T 270
25 8 H 270
24 18 T 90
16 11 T 90
26 18 H 270
17 16 T 90

15 14 T 90

24 26 H 90
2 -5 H 180



23 24 H 180
13 3 H 90
23 28 H 90
23 21 H 180
6 0 H 0
12 0 H 270

-3 -5 H 180
0 0 T 270
16 3 T 180



14 3 H 270
-3 -1 T 90
24 25 T 270
5 -2 T 180
17 12 H 270


-6 -2 H 180
11 4 T 180

13 3 H 0
9 14 H 90
11 6 H 180


-5 1 H 180

7 2 T 180
0 5 H 90
26 24 T 180

6 12 T 90
2 0 H 180
7 18 H 90
7 11 H 90
7 9 T 90
19 22 H 180
20 24 T 180

9 4 H 270

18 24 T 180

6 5 T 0

8 6 T 180

2 7 H 180


5 13 H 90
11 30 T 0
4 13 T 0
17 22 H 180

8 11 H 270
13 13 T 90

16 24 T 0

-2 2 T 90


2 7 H 270
17 23 H 180

5 2 T 180
0 13 T 270
14 18 T 90
-1 6 H 180
-2 1 H 180

4 19 T 0
15 20 H 180
11 20 H 0
15 24 T 270
13 14 T 90
0 10 H 0
6 23 T 0
14 22 H 270


-1 10 T 90
0 15 H 90

-4 6 H 180

15 20 T 90
0 13 T 180
13 20 H 270

15 7 H 180


4 14 T 180
13 22 H 0
0 18 H 0



8 24 H 180
-4 16 H 180

2 22 H 0
3 18 H 180
-4 8 H 180
8 15 H 180
12 20 H 180
21 8 H 270
2 20 T 90
3 23 H 180

10 27 H 0
-4 24 T 0




-1 20 H 180
12 21 T 90

8 21 H 270

23 11 H 180

11 18 H 180
2 27 H 0



-2 22 H 180





30 13 H 270
0 29 H 90




0 25 T 270

-1 24 H 180

0 28 H 0






















-5 23 H 180











24 17 H 90












