12 1 H 180

12 0 H 180

17 2 H 270
15 6 H 90


15 3 T 270
11 2 T 0
19 2 H 180
12 0 H 90
20 0 H 0




11 -7 H 180

7 -2 H 180
18 0 H 180
8 -5 H 180

20 -1 T 180
18 8 H 180
18 5 T 0
15 6 H 180



27 3 T 270
17 1 T 0
17 10 H 270

28 9 H 0
18 16 H 0
20 -4 H 180
11 7 H 180

13 -6 T 90
23 2 T 0
15 11 H 90

15 10 H 0
20 10 H 90
24 7 H 90
20 1 T 0
26 -4 H 270
24 7 T 90

20 7 T 90
10 13 H 90
24 -1 T 90

24 0 T 0
22 -6 H 180


13 15 H 270
21 -6 H 180
16 10 H 90
8 17 T 90
10 8 H 180
11 20 H 90
15 23 T 270
5 14 H 180
15 12 T 90




18 15 T 90
5 21 H 90
24 19 T 180
12 0 H 0
19 14 T 180



20 8 T 90
12 19 H 270

26 16 H 0
4 0 T 0



19 15 T 180

23 12 T 90
22 16 T 90
24 9 T 90


16 13 H 180
24 12 H 180
21 12 H 0
10 18 H 180
7 13 T 180




24 18 T 90

7 12 H 270
19 20 T 180
5 11 H 180


-1 16 H 180
19 24 T 0
22 19 T 0
4 15 T 0

10 19 H 180


20 15 H 180

24 20 T 0
21 22 T 180
24 19 T 90



23 13 H 180
2 3 T 0
7 16 H 270
5 19 H 270
3 26 T 0
21 17 H 180
2 17 H 180
7 11 T 0
7 5 H 90
-1 4 H 90


15 16 H 180
21 29 T 270
-2 -3 H 180
12 27 T 270

11 24 T 180
3 2 H 90
21 24 H 180
7 -3 T 90
16 17 H 180
-2 20 T 90
7 8 H 180
5 7 T 90
-6 1 H 90

3 -4 H 180
-2 12 H 180
1 2 H 270
4 1 H 180
-4 3 H 90
0 21 T 270
4 7 T 270
3 24 T 90


-4 -7 H 180

7 3 H 180
5 12 H 0
7 2 H 180
-7 -4 H 180
3 0 H 180
13 11 H 0
-1 27 T 0
13 -1 H 270

11 27 H 90
-2 13 H 180


1 6 H 180
13 23 T 90
-4 27 T 0
3 24 T 90

2 22 T 180

-5 14 H 180
-6 16 T 90
-4 4 H 180




-3 8 H 180

1 14 T 270



1 7 H 90
1 9 T 270

0 9 H 270


-4 8 H 180
28 24 H 270

























23 21 H 180
12 22 T 90



24 27 T 0

-7 1 H 180

0 24 H 270



-3 6 T 90

-7 22 H 180









