11 -6 T 90
15 -4 T 180
8 -7 T 90
12 3 H 90
20 0 H 270
15 0 T 180
9 -3 H 180
14 4 T 180
15 6 H 180
20 3 H 270
16 14 H 0

20 0 H 0
16 1 H 90

21 5 T 180
24 8 H 90
24 3 H 180

15 5 H 180
5 -7 H 180
9 -4 T 90
19 5 H 180
8 1 T 0

24 0 T 90
14 1 H 180


16 13 H 90
12 4 T 270
12 7 H 270
5 8 T 90
7 6 H 270
5 3 H 180
0 5 T 180
-5 4 H 180
1 8 H 180
1 4 H 180
6 -3 T 90
22 13 T 270
5 0 T 270

24 0 H 0
24 0 H 90
5 2 T 0
20 -1 T 90
21 -4 T 90
2 -5 H 270
21 12 H 180
18 14 H 90
0 12 T 270
-7 15 T 90

0 0 T 270
-7 7 H 180
2 12 T 180

4 2 H 270
21 11 H 180
7 5 H 0
-4 14 T 90
-6 14 H 180
0 23 T 270
2 21 T 270

1 -3 T 90

22 -1 T 90
-1 24 H 180


4 21 H 0
22 15 H 180
21 3 H 180
22 2 T 90

16 18 H 90
13 14 H 180
19 15 T 90
16 17 T 270
24 18 T 180
25 8 H 0

18 19 T 180
13 16 T 180

-2 2 H 180

-4 2 T 90
-4 20 H 180
9 19 T 0
11 19 H 270
5 16 T 90
-7 1 H 180
0 0 T 180
30 4 H 0
18 17 H 180
6 13 H 90

7 9 H 180
15 22 H 180

21 23 T 180

24 24 H 0
24 20 H 180
19 24 T 90
12 25 T 270
15 24 H 180
10 24 H 180

9 22 H 180
9 19 T 90

8 20 T 90
-2 20 T 90
15 21 T 0
20 21 H 180

20 28 T 0
5 11 T 180
4 24 H 180


7 21 H 270
13 15 H 180

0 19 H 180


11 20 H 180
2 20 H 180




6 28 T 270
16 1 H 180
3 24 T 90






24 9 T 90
1 2 H 0

10 24 T 90

12 24 T 90

1 22 H 180


21 13 T 0






21 24 T 90


5 12 H 0
0 5 H 180
11 22 H 180
-1 9 H 180
4 9 H 270

-2 27 H 90


8 16 T 0



24 27 H 90
13 16 T 270
23 15 H 180

23 23 H 180

6 10 H 180
1 12 H 180
23 24 H 180

24 17 H 90


2 -1 H 180





24 17 H 90
20 9 T 90

3 13 H 180






4 3 T 0






















18 9 H 180
18 0 T 90





4 0 T 90

4 19 H 90


17 6 T 0
16 0 H 180
1 28 T 270
24 -5 T 90



-4 -2 H 180





