18 -5 H 180

18 -6 T 90

22 -4 H 270
14 -5 H 180
16 -3 H 180


19 -4 H 180
14 -4 H 180
21 4 T 270
16 9 H 90
14 -3 T 180



18 -7 H 180

10 -5 H 180
14 -3 H 180
10 -6 T 90
9 -7 H 180
11 0 H 0
8 -3 H 270
8 -5 H 180
5 -7 H 180


22 5 H 270
7 4 T 0
24 9 T 180
11 2 T 90

1 0 T 0
-1 0 H 180
4 -7 H 180
3 -5 H 180
7 -3 H 180
3 -7 H 180
8 0 T 90
19 9 T 180

9 2 T 180
17 1 T 180
24 0 T 0
25 16 T 180
3 4 T 90
18 11 H 180
12 16 H 0
11 4 T 180
9 12 H 0
12 1 T 90

24 16 T 0
7 2 H 180
28 1 T 180


2 4 H 180
21 1 H 180
21 -2 T 90
0 -1 H 180
24 21 H 90
25 0 T 180
12 11 H 90
13 0 H 180
1 12 T 90
13 14 T 90




1 2 H 0
22 13 H 270
30 -1 H 270



11 2 T 90
24 10 H 90
0 12 T 0
16 6 T 0




24 9 T 0


22 10 H 90
13 9 H 90


24 1 H 180
21 6 T 90
25 11 H 0
21 -5 T 90
21 6 T 180




10 6 T 90

2 5 H 270
12 14 T 180
15 17 H 90



10 18 H 270
13 14 H 0
15 9 H 180

6 4 H 180


24 7 T 90

5 8 T 90
22 23 T 0
24 8 T 90



22 6 H 180

29 12 T 180
3 14 T 90

24 7 H 180
22 19 T 0

20 19 H 270
5 22 T 0

-1 18 H 180
22 11 H 180
10 12 T 90
1 4 H 180
23 21 H 270


0 13 H 270
17 14 H 180
0 11 T 90
29 20 H 0
20 27 T 270
23 16 H 180
5 25 T 270
13 15 T 180

16 15 H 180

-2 16 T 90
19 21 T 0


3 16 T 90



14 15 H 180


18 19 H 270
2 6 T 90
18 15 H 180
5 14 H 180
4 16 H 90
1 20 T 180
10 11 H 270


1 14 T 180


9 23 T 90
9 26 H 0
13 19 T 180
9 18 H 180

17 18 T 180

10 18 H 180
0 9 H 270
13 19 H 180

2 6 T 180


8 16 H 180

0 0 H 0



6 9 H 270
-3 10 T 90
5 27 H 90
0 20 H 270


-5 4 H 180

0 12 H 270



















17 24 T 90
25 24 T 180


17 27 H 0
-7 1 H 180
-6 20 T 90



1 21 H 180

-5 0 T 90
22 20 H 180
1 29 H 90


4 7 T 270
1 17 H 180
0 28 T 270
1 3 H 180



4 26 H 0
13 28 T 270
2 24 T 180

24 26 T 0

