12 1 H 180

14 0 T 90

17 2 H 270

14 1 H 180

15 3 T 270
15 6 H 90
18 -2 T 180


18 3 T 0



14 2 H 180

13 -3 H 180
14 -4 H 180
9 -4 H 180
18 -4 H 180
17 2 T 90

18 2 T 90
11 3 H 180


24 -2 H 270

21 5 H 90
12 1 T 270
13 11 H 90
27 7 T 270

15 -5 H 180
22 2 H 180
23 2 H 180
22 -1 H 180
24 0 T 0
18 10 H 90

24 10 H 0
18 0 H 90
27 -2 T 180
19 13 H 0
14 10 T 0
12 12 T 90

19 6 T 180

24 2 T 90

10 11 H 90
19 3 H 180
13 6 T 180

9 12 H 180
8 9 H 180
14 13 H 180
6 7 H 180
15 8 H 180
22 16 T 270
18 13 H 180
7 15 T 270
4 10 T 90

24 12 T 180





23 17 T 180
15 -5 H 180



15 -7 T 90
16 17 H 180
4 11 H 0
23 14 T 270
0 5 H 180
14 16 H 180


11 -6 H 180

4 4 H 180
6 12 T 180
20 16 H 180
5 15 H 270
21 8 T 90
20 12 H 180
27 15 T 180
26 10 H 270
21 12 T 90
-2 16 H 90

13 19 H 180
2 16 H 180

16 20 H 180

23 18 T 90
5 17 H 270
6 5 H 180

8 0 T 0


28 24 H 0
17 25 T 0

10 -7 H 180
-4 10 H 180
13 20 H 180
10 -6 H 270

24 20 T 0
0 13 T 0
7 9 T 90



-1 4 H 180
2 3 T 180
11 0 H 270
13 20 T 270
0 18 T 270
-7 5 H 180
-6 2 T 90

5 5 T 0

7 25 H 0
1 26 H 90
-7 4 T 90
-3 18 T 0
10 21 H 0



-4 22 T 0
5 1 T 180
17 24 H 180
26 -6 T 180
5 4 H 0
21 -7 H 180
0 25 H 0
-3 20 T 90

-7 0 H 180
27 13 H 0
7 23 T 90
10 20 H 0
6 -3 H 270

5 22 T 90
-1 -1 T 90


9 13 H 180


4 23 H 270
-7 12 T 90
3 16 H 180
-2 16 H 180
4 22 H 0
-1 29 H 90
5 18 H 270


-3 28 T 0



1 3 T 270
24 10 T 0
-7 9 H 180

5 -3 T 90

-3 24 H 180
5 -4 H 180
23 13 H 180




23 8 H 180

-5 -3 H 180
24 26 H 0


6 21 H 180
28 10 H 270
15 29 H 0
16 28 T 0


21 27 T 0

15 30 T 0

28 26 H 0

24 24 H 180















-2 1 H 90




24 9 H 180
-3 -4 T 90



15 24 T 270

20 24 T 90

11 24 H 270


29 12 T 180
-7 -1 T 90
7 24 H 270
16 24 T 90



10 8 H 270





