
9 15 H 270




6 16 T 0



12 21 T 180

14 18 T 180
5 15 H 270




15 14 H 270

10 16 H 180



18 14 T 180

14 14 H 180


15 15 T 90



13 14 T 180
8 16 T 180

18 16 T 180






13 9 H 270
21 8 T 270
14 14 H 270

8 6 H 180
14 6 T 180

16 9 T 180
5 11 H 90

19 4 T 180
6 10 T 90


3 14 H 270
0 10 H 90

23 5 T 180
10 20 H 90
20 7 H 90

22 5 T 90

3 5 T 180





22 10 H 0
11 10 T 0
-2 11 H 0
13 5 H 0
13 7 H 180
2 7 T 90
10 3 H 0
10 5 H 180


6 2 T 270
11 1 H 180


8 4 H 180

12 -2 H 0
22 12 T 90
7 1 H 0
27 5 T 0

6 7 T 180
22 2 H 0

21 -1 H 90


24 13 T 90

23 13 H 270
24 16 T 180
24 0 H 0

27 -6 H 180

24 -1 H 0

10 23 H 90


6 -2 H 90



2 -3 H 270
26 7 H 0
6 23 H 270



8 2 H 90

6 -5 H 270
22 18 T 270


24 12 H 0

28 5 T 270
16 0 H 270

30 4 T 90

26 14 H 0



15 21 H 270






8 -5 T 180




26 18 H 90


15 -7 T 90

14 -3 T 180

7 0 T 90






0 -7 H 90
3 5 T 180

24 25 T 0
0 0 T 270
0 3 H 0
23 21 T 90
21 20 T 180
29 26 T 180
-4 -3 T 180


-2 2 H 90
26 20 H 0
-2 8 H 90
20 26 H 180
22 24 T 180
24 17 T 90

0 2 H 180
18 22 T 0


0 9 T 270



9 27 H 0
0 11 T 0

-5 9 H 90


9 21 H 180
20 24 T 90

1 27 T 90
4 20 H 270
9 23 H 0
0 21 H 0
0 21 T 180






3 24 H 90






11 24 H 0

0 16 H 0





17 24 H 270


15 24 H 270
0 23 T 90
-1 19 H 0



-4 15 T 270
0 24 H 90

-2 22 H 0
5 20 H 0




0 18 T 90
-2 23 H 90







-3 17 H 270

