
3 18 H 270

0 18 T 270


5 23 H 90
7 20 H 270
6 21 T 270
2 21 H 0
13 20 T 180
5 22 T 0
0 25 H 0
2 21 H 0


9 21 H 180
4 17 H 0
7 24 H 0
11 27 H 270
3 24 T 180
7 17 H 0




10 17 T 90

3 21 H 270
17 21 H 90
10 25 H 0
10 23 H 270
18 20 T 180
9 22 H 90
7 24 H 0
12 25 H 0
16 15 T 0
14 23 H 0
20 13 H 0
21 18 H 90
7 18 H 90
13 28 H 0
21 18 H 90
18 28 T 270
12 16 T 90
19 10 T 0
10 16 H 0
12 20 H 90
21 15 T 0
6 27 H 180
17 15 T 0

19 27 T 0
19 20 H 180
18 11 H 90
24 10 T 270
17 25 H 0
9 15 H 90
2 12 H 90
12 13 H 0

17 27 H 0
21 30 H 0
10 14 T 270
21 12 H 0
9 11 H 90
8 9 H 90

5 12 H 270



0 22 T 270
16 8 H 270
17 24 H 0
23 5 T 0
21 9 H 0
4 16 H 90
26 3 T 0

22 0 H 0

26 5 H 90
13 8 H 180


10 11 H 180

16 2 H 0
22 12 T 90
25 19 T 180
30 8 H 180
6 5 H 0
24 7 T 270
22 2 H 0

23 3 H 180

5 9 H 0
12 3 T 90
-1 17 H 90
16 8 H 0
25 14 T 180
12 5 T 180

9 3 T 180

9 1 H 0
8 10 H 180
27 1 T 180


25 0 H 270



4 4 H 270
6 7 H 0
5 7 H 0
8 10 H 90
5 13 H 0


14 0 H 270
31 -5 H 0
26 23 T 0
9 1 T 0
8 1 H 180
25 24 H 180
4 9 H 90
24 21 H 0
23 27 T 180
13 3 H 90
7 7 T 180
10 -3 H 90
23 15 H 0
12 -5 H 90
6 -1 H 0

22 18 H 180

29 12 H 0

2 0 H 0
26 3 H 90

6 2 H 0




2 -2 T 180
4 6 H 0
24 -1 H 90
27 30 H 0
0 19 T 90
5 -3 H 180

30 17 T 0
30 16 H 0


24 14 H 180

21 30 H 0
24 14 H 0
24 22 T 90

0 12 T 270
0 10 H 0
0 3 T 180
29 29 H 0
-1 1 H 270
1 26 H 0
-1 4 H 90
0 -3 H 90

-3 12 H 90

-4 2 T 90


1 2 H 0

-6 23 T 180


-5 19 T 180



11 -3 H 0

-6 16 H 0

-3 0 H 0
19 -3 H 90
19 -2 H 90





-6 25 H 0
-3 -7 H 0


0 0 H 90

-4 17 H 0

14 -6 H 270





16 -5 H 0


31 25 H 0





-7 12 H 90











16 -3 H 90

















