
9 15 H 270


9 17 H 270

6 16 T 0
14 14 H 270
14 13 H 90

12 21 T 180

14 18 T 180
5 15 H 270
11 16 H 90



15 14 H 270

19 11 T 180

14 10 T 270

18 14 T 180

15 16 H 0


12 23 T 90

7 20 T 0
5 19 H 180
16 12 H 90
15 11 H 180

5 23 H 90




9 7 H 180



19 6 T 270
23 7 T 0
6 22 H 180
4 21 T 180
2 16 H 270
7 11 H 90
5 11 H 90
11 4 T 180
16 12 T 0
6 10 T 90
17 4 T 180
9 5 T 0
3 14 H 270
0 10 H 90
3 21 H 180
22 6 T 180
3 9 H 90
17 5 T 270
18 8 H 90
7 9 T 90
9 5 T 180
21 2 H 90

13 -1 H 0
23 2 H 90


12 6 H 270
23 6 H 0
-2 7 H 0
24 4 H 0


8 -1 H 0
8 1 H 180
0 13 H 0

23 5 H 0
25 11 T 90


5 24 T 0

4 0 T 0
21 14 T 90
11 7 T 270
21 14 H 90


1 2 H 0



24 0 H 270
25 2 H 90



28 13 H 180

22 22 T 0

4 7 T 180




5 8 T 90
2 24 T 270
26 21 H 270
25 24 T 90


13 -4 H 180
27 -2 H 0
2 -3 H 180

21 -6 T 90
-6 19 T 90



27 25 T 270
-5 18 T 180
26 -3 H 0


18 -5 H 0
24 0 H 180
-2 17 H 90
26 10 H 0

17 26 T 270
28 24 H 90
4 0 H 180

6 29 T 270

25 13 T 270
14 -5 H 180

5 -3 T 180




11 0 H 270
25 18 H 270
-3 21 T 0
21 24 T 90
29 24 T 90
27 16 T 270
24 26 H 0
8 -6 H 90
22 24 T 0
0 24 T 270

8 24 T 90

19 24 H 90
2 -7 H 90
5 10 H 0

-1 0 T 270
14 26 T 270
17 28 H 90
-5 15 T 90
1 10 H 0
-1 4 H 270
-4 -3 T 180
13 24 T 90

-4 0 H 90
25 25 T 270
19 19 H 180

14 24 T 270
-3 1 H 180

-6 7 H 0
18 22 T 0

4 29 T 90
15 24 H 180


0 27 H 180

14 23 T 270





-5 5 T 90
-3 7 H 270



12 22 H 0




-2 9 T 180

-5 9 H 270








-7 15 T 0








-4 12 T 180








-4 23 T 0















-4 12 H 270

