-3 22 H 180
-4 19 H 270
0 24 H 90
-1 28 H 270
3 30 T 180

-4 17 H 270
4 22 H 0
1 25 H 90
4 19 H 90
2 25 T 0
5 23 T 180
2 23 T 180
3 22 H 270
6 27 H 0
8 22 T 0
12 18 T 270
6 20 H 270
9 24 H 270
15 19 H 90
14 21 T 180
14 24 H 0
12 17 H 180
20 23 H 180
24 16 T 0
26 11 T 90
15 18 T 270
6 16 T 180
11 20 H 180
14 20 T 90
-4 13 H 90
11 20 H 270
17 20 H 270
17 25 H 270
14 18 H 270
16 14 T 0
23 23 H 90
0 14 T 0
21 14 H 0
3 17 H 0
5 15 H 270
21 14 H 0
14 15 H 180
19 28 T 270
25 11 T 180
24 13 H 0
23 7 H 90
22 14 H 180
18 9 H 90
27 8 T 90
13 11 H 90
26 4 T 180
23 24 T 270
25 3 H 180
1 18 H 180
16 9 H 180
21 26 T 0
2 12 H 270
12 25 H 90
7 14 T 90
22 6 T 180
5 13 H 90
20 4 H 180
15 12 H 180
14 5 T 90
2 12 H 90
21 2 H 90

23 15 T 0
24 1 T 180
11 10 T 270
25 21 T 0
28 3 T 270
13 10 T 0
23 15 H 0
12 4 H 0
25 17 H 180
19 25 H 180
9 2 H 0
25 22 H 0
10 -1 H 0
9 2 T 0
24 -2 H 0
25 0 T 90
11 9 H 0
9 5 H 0
27 25 T 90

15 5 T 0
11 0 T 270
7 -2 H 180
11 0 T 90
19 0 T 90
27 24 H 0
9 11 H 270
1 9 H 90
6 8 T 90

15 -7 T 0
21 -2 T 0
12 4 H 180
26 -5 H 270
6 4 H 270
4 1 H 0

3 10 T 0

7 1 T 0




5 0 T 90

7 0 H 180

-5 6 T 0
9 -6 H 0
-1 11 H 270
4 -4 H 0
5 6 H 180

-6 10 T 0
-5 11 H 180
10 -5 H 270
-5 4 T 180


-4 3 H 0
-3 -3 T 270
28 23 T 270


0 -4 T 90
-6 13 H 0









-5 -1 T 90






30 23 H 180
-4 -4 H 270
1 8 H 270
-1 7 T 90










-1 -7 H 90


























































































