
28 -1 T 180
24 0 H 270
25 -4 H 90
23 3 H 270

28 6 H 90
23 6 H 90
22 8 H 180
25 4 T 180
22 6 T 0
15 7 T 270
28 8 H 180
15 6 H 270
19 6 T 270

26 -2 H 180
23 6 H 270
24 9 H 270
12 8 T 180
20 14 H 0
18 13 T 180
15 15 H 270
11 6 T 180
26 12 T 0

17 16 H 90
20 15 H 90
17 0 H 90
16 10 H 90
18 8 H 90
19 11 H 270
10 1 H 0
22 11 H 0
8 -5 H 0
17 14 T 0
27 17 T 180
15 17 T 0
13 14 T 90
9 -4 H 0
26 1 T 0
23 16 T 180
18 -6 H 270
6 -4 H 270
11 12 H 0
6 17 H 0
5 -3 H 0
16 -5 T 90
12 11 H 180
17 -3 H 0
10 19 T 0
0 -2 H 270
1 -4 T 270
12 13 T 270
7 14 T 90
9 7 H 90
6 -3 T 0
2 14 H 270
3 15 T 180
6 7 T 180

6 11 H 90
7 12 H 90
10 21 H 180
2 -1 H 270
4 8 H 90
7 6 T 180

-1 1 T 0
8 8 T 0

0 5 H 180
4 6 T 90
3 7 T 270
6 1 H 0
11 23 H 270
11 4 H 180
2 9 T 90
12 22 T 180
5 3 H 270
19 19 H 0
22 19 T 0
22 14 T 270
8 5 T 90
25 19 T 90
8 24 H 270
5 4 H 180

4 8 H 90
14 21 T 180
9 24 T 90
1 -2 T 180
8 23 H 180
9 -1 H 0
0 22 H 0
28 22 T 180
6 25 H 0

-1 7 T 0
5 24 T 90
-1 16 H 180
2 15 H 270
25 19 H 270
29 23 H 180
6 24 H 0
28 30 T 0
19 21 H 270
0 4 H 90
19 24 H 0
-2 12 H 180
-1 22 T 180

0 13 T 0


20 24 T 270
-6 7 H 270
-4 5 H 0
24 24 T 90
21 22 T 270
3 22 H 180

-6 25 T 0
14 24 T 90
-5 18 H 270
13 23 T 270



9 24 H 0
-1 20 T 270

1 20 T 90
16 24 H 0

16 22 H 0



0 24 H 270

3 23 H 0

0 22 T 270
-5 1 T 90

-5 16 H 90





24 25 T 0







































































































