18 19 T 180
19 19 H 90
12 19 T 180
21 14 H 90
13 20 H 180
21 10 T 270
6 16 T 0
10 21 T 270
17 17 T 180
13 18 H 0
17 11 T 180
18 13 H 90
14 23 H 270
5 15 H 270
8 21 T 180
10 26 H 180
18 10 T 270
10 25 H 270
5 24 H 270
16 11 T 0
22 11 T 0
7 22 H 90
12 26 T 180

26 12 T 0
18 10 H 180
16 8 H 90
23 3 T 0
19 0 H 0
25 6 T 90
12 5 H 90
6 19 T 0
2 19 H 0
27 5 H 270
13 9 T 180
10 11 T 270
27 3 H 90
5 21 T 0
13 2 H 270
16 5 T 0
0 18 T 0
6 24 H 0
12 10 T 90
12 12 H 0
17 26 T 0
24 0 T 180
28 -1 T 0
23 -5 T 90
13 6 T 270
24 -3 H 0
24 4 H 0
5 9 H 90
16 0 H 0
30 4 H 270
14 24 T 90
17 -5 T 180
13 1 T 0
4 14 H 270
0 8 H 90
6 21 H 180
13 1 H 0
14 -5 H 90
12 0 T 180
9 0 H 180
7 7 T 0
6 10 H 90
4 5 H 90
4 7 T 90
4 5 T 0
18 21 H 90

0 20 T 270
20 25 H 0
4 25 H 0
2 2 H 0
23 15 H 90
10 9 H 180
2 9 T 90
7 -1 T 0
7 1 T 180
2 -2 H 0

24 5 H 0
7 -1 H 0
25 17 H 0
17 26 T 270
29 11 T 90

30 10 H 90
0 24 T 180
0 26 H 0
-1 23 T 180
-2 22 T 270
2 5 H 0
0 19 H 180
-4 11 H 180
0 11 T 180

-5 9 H 270
0 8 H 0
-1 12 T 90
27 11 H 270
6 -1 H 180
4 -6 H 90
23 28 H 90
30 16 T 270
22 25 H 180
25 23 T 90
25 25 H 270



26 17 H 90
24 25 H 90


29 16 H 0
-2 4 H 0
22 22 T 90
7 -2 H 0
-1 21 H 180

-6 3 T 0
0 -4 T 180
-4 18 H 270

-4 1 H 180


22 25 T 270


-3 -6 T 0

-2 0 T 270
-2 -2 H 0








-5 15 H 180







-1 -1 T 0
-2 -6 H 270
-6 -7 T 90




25 24 T 0




4 -7 H 90






17 24 T 90































20 18 H 0




















































