8 2 H 0
11 0 H 180
13 0 T 270
13 0 H 90
6 0 T 180
15 0 T 90
4 1 H 90
1 0 H 270
19 1 T 0
5 1 T 90
-2 5 T 0
-2 6 T 270


-2 7 T 90
20 4 T 0
0 11 T 180
0 11 T 270
20 7 H 180
17 7 H 90
19 8 H 180
1 16 H 90
0 18 H 0
-2 20 H 0
-1 20 T 90
17 11 H 180
3 19 H 270

17 14 T 270
17 15 H 0

23 17 T 180


5 20 T 90
8 19 T 0
12 20 H 0
13 20 T 180
13 19 T 0
15 20 T 180
20 20 H 90
22 21 T 90
21 17 T 0
19 15 H 90
21 12 T 270
19 8 H 270
21 7 T 180
19 3 H 0
21 3 T 270
21 -1 H 270
18 18 H 90
17 -2 H 0
15 1 T 180
15 19 T 90
13 0 T 180
13 17 H 0
11 19 T 90
9 20 H 0
6 18 H 270
5 19 H 0
9 -1 T 180
7 0 H 90
4 17 T 0
7 -1 H 270
2 -2 T 0
1 15 T 90
1 13 T 90
0 -1 H 180
2 12 H 0
0 8 H 90
2 5 T 90
-1 0 H 270
6 4 H 90
3 2 H 90
6 4 T 0
9 2 T 270

-1 2 T 180
10 5 T 0
-4 4 H 270



13 5 H 0
15 3 T 90
17 6 T 0
-4 7 H 270
18 6 T 180
-2 10 T 90

-1 13 H 180

-1 13 H 0
-2 15 T 270

-1 18 T 0
-3 19 T 0
-2 25 T 0



17 9 T 90
16 10 T 270
1 23 H 270
16 14 T 0


19 19 H 0

15 16 H 270
12 15 T 180


3 24 T 90
10 18 H 90

5 24 T 180
6 17 T 270
4 15 H 180
8 23 T 90
8 21 H 180
4 16 H 180
2 12 H 270
4 10 H 90
2 9 H 270
10 22 H 0
15 23 H 0
15 22 T 270
19 23 T 90
5 7 H 0

7 6 H 180
8 7 T 270
10 4 H 90
19 23 T 270
22 21 T 180

12 6 H 270
22 20 H 90
24 19 T 270
23 16 H 0
22 13 H 90
22 11 H 270
24 9 H 180
21 8 T 180
21 6 T 90
23 6 H 270
16 7 T 0
24 1 T 0
23 2 H 270
15 9 H 90
15 10 T 90
15 12 T 90
22 -1 H 270
19 -1 H 180



18 16 H 270
11 16 H 180
10 13 H 90
17 -1 T 0
15 -4 H 270
7 14 T 0
5 15 H 90
4 12 H 0
5 10 T 180
13 -4 H 90
11 -3 T 90
9 -4 T 180
10 11 T 90
7 -1 T 270

5 -4 H 0
3 -4 H 180
2 -1 H 180
-3 -2 H 270
8 6 H 90
10 6 T 0
1 1 T 0
-4 1 T 90
-5 2 H 0
-4 6 T 270
-3 6 T 0
-6 11 H 0
-6 10 T 270
-5 12 H 180
-5 16 T 270

11 10 H 180
-6 17 T 270
-5 19 H 180

-4 23 T 90
13 11 H 270


-1 24 H 0

17 16 H 180
-2 25 H 180
1 26 T 180
4 25 H 90
5 24 T 90
9 25 T 270
9 23 T 0
12 25 T 90
15 23 H 90
12 12 H 180
19 26 T 0
23 24 T 270
28 26 T 180


24 21 T 0
26 19 T 0


23 17 H 90
26 14 H 0
24 11 T 270
23 11 H 90
25 10 H 180
23 7 H 0
23 5 T 180

24 2 H 90
23 0 T 270

26 -2 T 90
26 -2 H 90
10 11 H 270
22 -3 T 90

22 -5 H 180
17 -5 H 90
17 -5 T 180
14 -6 T 270
12 -6 T 90
9 -5 H 270
7 -3 T 0
4 -6 H 90
3 -6 H 180
1 -6 T 90
8 9 T 270

-1 -5 H 270
-2 -6 H 180
9 8 H 180
12 11 H 90






