21 4 T 270
19 7 T 90
19 9 H 0
19 9 T 180
19 12 H 90
19 1 H 180
20 14 T 180
19 15 T 0
20 19 H 270
19 -1 H 270
19 -2 H 270
16 -2 H 0
20 19 H 0

17 19 H 180
17 22 H 270
15 0 H 90
11 0 H 0
16 22 H 270
12 19 T 180
9 0 T 90
10 1 H 180
8 0 H 90
12 19 H 90

4 -2 T 90
8 19 H 270

6 19 H 0
2 19 T 270



-1 19 T 0
-1 18 H 180
-2 16 H 270
4 -1 H 0
-1 14 H 90
-2 10 H 270
-1 8 H 90
2 -1 H 90
1 2 H 0
0 6 T 0
-2 4 H 90
1 2 H 0
2 0 T 0
6 2 H 90
7 0 T 270
12 2 H 0
15 1 H 270
18 1 H 90
-4 2 T 270
-1 4 H 90
19 2 T 90
19 4 H 90
17 7 T 270
19 9 H 180
20 11 T 270
18 12 T 0
19 15 T 270
18 15 H 90
-2 6 T 180
20 17 H 0
-3 11 H 180
-4 10 H 270
15 18 H 180
-3 13 T 90
-3 15 T 90
14 19 T 270
-4 18 H 90
-2 19 T 90
-2 25 H 180

-1 21 H 90
2 23 T 0
11 17 T 270

8 20 H 90
4 24 T 0
6 21 T 0



10 24 H 0
7 18 T 90

11 21 T 0
13 24 H 90
17 23 H 180

6 20 H 270
1 19 H 90
18 24 T 270
20 23 H 0

3 17 T 0
1 13 T 0

25 25 H 90


2 11 T 90
1 8 T 270
23 21 T 0
1 7 T 0

5 5 H 180


5 3 H 270
21 18 H 90


7 5 T 90
9 5 H 90

12 5 T 180
13 4 T 270
15 4 T 90
23 17 H 180
21 12 T 90
23 13 H 180
21 9 H 270
23 7 H 90
21 6 H 270
22 2 T 270
17 8 H 270
22 0 H 0
17 9 H 180

24 0 H 0
17 11 T 90
18 12 H 0
15 14 T 180
19 -2 T 270
16 15 T 180

18 -2 H 270
14 16 T 180
13 18 H 0
16 -2 T 270
9 16 T 180
13 -3 T 0
11 -1 T 90
10 -4 H 90
8 -4 H 180
8 -2 H 0

7 18 H 270
6 -2 H 0
3 -2 T 180
0 -2 H 180
-2 -2 H 180
0 -1 T 90
5 18 H 180



4 18 T 90
5 13 T 90
2 12 T 180
-3 0 H 270
2 10 T 0
3 7 H 270
7 5 H 180
6 4 T 270
8 5 H 90
-6 3 T 180
-5 5 H 180
-6 7 H 90

-3 9 H 0

-6 11 T 270
-6 14 T 90
-3 18 H 90
-4 17 T 0
-6 20 T 180
-6 22 H 270
-1 23 T 270
-1 25 H 180
9 5 T 270
13 6 H 0
0 26 H 270
5 23 H 90
4 23 H 0
6 24 T 90
10 24 H 0

13 8 H 180
11 23 H 0
13 24 T 90
17 25 T 0
19 25 H 180
21 25 T 0
23 23 H 270

25 24 T 0


15 8 T 90
26 22 H 90
15 12 T 180
24 19 H 180
25 19 H 0
23 15 H 270
25 13 H 180
23 10 T 180
24 10 H 90
26 6 H 270
24 4 H 0


19 13 H 0
11 14 H 270
26 0 T 0


23 -2 H 90
8 16 T 270
24 -5 T 270
24 -6 T 180
23 -4 H 270
20 -6 T 270
18 -6 H 90
5 13 H 180
5 12 H 90
4 10 T 270
9 8 H 270
8 9 H 180
12 9 H 180
11 10 T 0
14 9 H 180
14 11 T 0
16 -5 H 180
9 12 H 90
13 -5 T 180
10 -6 T 270
8 -6 T 90
5 -5 H 270
3 -3 T 0
0 -6 H 90
-1 -6 H 180

7 16 T 180
11 9 T 270
9 10 T 0
-2 -6 H 180
9 9 T 90







