10 21 H 0
13 19 H 180
15 19 T 270
15 19 H 90
8 19 T 180
5 19 T 90
4 20 H 90
1 19 H 270
19 20 T 0
-1 19 T 0
-2 19 T 0
-2 16 T 270
20 19 H 0

-2 13 T 90
1 13 T 0
21 19 T 180
0 9 T 270
1 10 H 180
19 16 H 90
21 13 H 180
22 14 H 90
21 12 H 0
-2 8 H 0

-2 4 H 180
19 8 T 0

19 6 T 270
19 2 H 0
20 4 H 270
5 1 H 270


2 1 T 90
5 0 T 0
9 1 H 0
10 1 T 180
10 0 T 0
12 1 T 180
17 1 H 90

17 2 H 270
17 4 H 90
19 7 T 270
17 8 H 270
19 12 T 180
17 -2 T 270
19 16 T 270
18 19 T 0
18 -1 H 90
17 17 H 0
15 20 T 180
14 19 T 90
14 0 T 180
12 -2 H 0
12 19 T 90
10 20 H 0
9 -1 H 270
8 19 H 0
6 -1 T 180
4 19 H 90
4 17 T 0
7 -1 H 270
2 -2 T 0
1 15 T 90
1 13 T 90
1 10 T 90
2 0 T 270
0 8 H 90
2 5 T 90

6 4 H 90
3 2 H 90
6 4 T 0
9 2 T 270
1 1 T 0
-1 2 T 180
10 5 T 0
-4 4 H 270



13 5 H 0
15 3 T 90
17 6 T 0
15 6 H 270
-1 7 T 180
17 9 T 90

18 12 H 180

18 12 H 0
17 14 T 270
21 17 H 0
-1 11 T 0
13 16 H 270




-2 12 T 90
-3 13 T 270
-2 17 T 0
11 16 H 270




-3 19 T 0
-4 20 H 90

-2 22 H 180
9 18 T 90
1 24 H 90

7 18 T 180
3 23 T 270
4 15 H 180
8 23 T 90
8 21 H 180
13 23 H 270
13 21 T 0
4 14 H 90
2 13 H 270
14 22 H 0
19 23 H 0
19 22 T 270
4 11 H 180
25 25 H 180

23 21 T 90
24 18 H 0
2 8 T 180
23 15 H 0
9 10 H 270

23 14 T 0
22 12 H 90
24 11 T 270
23 8 H 0
5 5 T 180
7 5 T 0
24 5 H 180
10 4 H 90
12 4 H 180
23 6 H 270
16 7 T 0
24 1 T 0
15 10 H 270
23 1 H 90
15 10 T 90
15 12 T 90
17 14 H 0
11 16 H 180

25 -3 H 270


9 16 H 180
20 -4 H 90
17 -1 T 0
15 -4 H 270
7 14 T 0
5 15 H 90
13 -4 T 270
11 -3 H 90
9 -4 H 90
5 12 H 180
4 10 H 90

7 -1 T 270
10 10 T 90
5 -4 H 0
3 -4 H 180
2 -1 H 180
7 8 H 270
-2 -4 H 90
10 6 T 0
1 1 T 0
-4 1 T 90
-5 2 H 0
-4 6 T 270
-3 6 T 0
-6 11 H 0
-6 10 T 270
-5 12 H 180
-5 16 T 270
11 13 H 90

-6 17 T 270
-5 19 H 180
-4 23 H 270
13 11 T 90


17 11 T 0

-3 23 H 0

-2 25 H 180
1 26 T 180
4 25 H 90
5 24 T 90
9 25 T 270
9 23 T 0
12 25 T 90
15 23 H 90
12 12 H 180
19 26 T 0
23 24 T 270

28 23 T 0

24 21 T 0
26 19 T 0


23 17 H 90
26 14 H 0
24 11 T 270
23 11 H 90
25 10 H 180
23 7 H 0
23 5 T 180

24 2 H 90
23 0 T 270
8 13 H 180
26 -2 T 90
9 12 H 90
23 -2 T 0
21 -3 T 90

21 -5 H 180
16 -5 H 90
16 -5 T 180
13 -6 T 270
11 -6 T 90
8 -5 H 270
6 -3 T 0
3 -6 H 90

9 8 T 90

15 11 H 180

3 -6 H 180
-2 -6 H 180

-2 -5 H 0





