0 -4 H 0
3 -6 H 180
-1 -6 T 270
-5 -6 H 90
4 -6 T 180
5 -6 T 90
8 -5 H 90
9 -6 H 270
13 -5 T 0

15 -6 H 270
16 -6 H 0


17 -6 H 180
21 -3 H 270
23 -4 H 90
23 -4 H 0
26 -1 H 180
23 -1 H 90
25 0 H 180
26 5 H 90
25 7 H 0
23 9 H 0

23 9 H 180
23 12 T 0

23 15 T 270
23 16 H 0




24 19 H 180
23 22 H 270
24 26 H 270
24 24 T 180
20 23 T 0
18 24 T 180
19 24 H 90

14 25 H 270
12 23 T 180
9 25 H 0

6 25 H 90

4 25 H 0
1 24 H 270
-1 24 H 90
-6 24 T 270
-3 22 H 90
-4 21 H 180
-4 18 H 90
-6 16 T 270
-4 14 H 180
-3 12 T 270
-5 9 T 0
-4 8 T 270
-5 4 H 90
-4 2 T 180

-5 2 H 180
-6 -3 H 270
-3 -3 H 180

0 -3 H 180
5 -2 T 270
6 -4 T 180
7 -2 H 180


9 -4 H 90
12 -2 T 0
15 -4 T 270

16 -1 H 90
18 -1 T 0
20 -4 T 0



24 -1 T 270
22 1 H 180

21 2 H 270
24 4 T 180
23 8 T 90

24 11 H 180

24 11 H 0
23 13 T 270

24 16 T 0
22 17 T 0




23 20 T 90
22 21 T 270

21 22 H 270




19 22 H 270
16 21 T 180



14 24 H 90


10 23 T 270

9 23 T 90
4 21 H 180
5 23 H 270
1 21 T 0
-1 23 T 180
-4 23 H 270
-3 19 T 270

-3 17 H 0
-2 16 H 180


-2 14 T 90
-1 11 H 0
-4 9 T 180
-2 6 H 0


-2 5 T 0
-3 3 H 90
-1 2 T 270
-2 0 T 270
-1 -1 T 180
1 -1 T 0
3 1 T 90
6 -2 H 90
8 -2 H 180
12 0 H 0

11 1 H 270
16 0 H 0
17 0 T 180
18 0 H 180

20 1 H 270
22 1 T 90




22 3 T 90

22 6 H 270
19 9 T 0
20 10 H 270

19 13 H 0
20 15 T 180
19 17 T 180
20 19 H 180
20 19 T 180

18 22 T 270


16 19 H 180
15 22 H 180
10 21 H 270
9 19 H 90
7 19 T 0

5 21 H 180
1 20 T 270
1 21 H 0
1 18 T 0
-2 19 H 0
-2 14 T 270
-1 12 H 180
-1 12 T 270


-2 8 T 270
-1 5 H 180
0 5 H 270
0 3 T 90
2 2 T 0
4 0 H 270




5 2 H 180

9 2 H 90
10 1 T 90
14 2 T 270

15 2 T 90

20 1 H 180
20 4 H 270
18 8 H 0



18 9 T 0
20 12 T 0



20 14 H 0
18 16 T 270
19 17 T 180
18 19 H 270
15 17 T 270
13 17 H 90

10 18 T 180
8 17 H 0

6 20 H 180
6 20 H 180
4 17 H 270
3 15 H 180

1 15 T 90
1 10 T 180
1 10 H 90
0 7 H 0
0 5 H 180

2 5 T 0
4 2 H 90
7 2 H 180
9 2 T 90



13 2 H 180
13 2 H 180
18 4 H 90
16 7 T 270


16 10 T 180


