0 0 H 0
0 -6 H 180
1 2 H 90
-5 -7 H 180
5 0 H 270

8 -1 H 270
8 6 H 0
15 7 T 270
4 3 H 180
16 8 H 0
6 -3 H 180
10 12 T 0
1 -5 H 180
4 11 T 270
2 -7 H 180
12 8 T 0
20 4 T 180
19 11 T 270
19 14 T 270
23 8 H 270
17 8 H 270
20 12 T 180
12 9 H 180

23 16 H 0

13 14 T 270
11 0 T 90
15 2 T 270
14 5 H 0
15 20 H 0
6 12 H 180
6 7 T 90
11 -4 H 180

9 23 H 90

26 12 H 270
22 11 H 180
9 22 T 90
21 8 T 0
8 19 H 90
10 18 H 270

4 22 H 180
16 0 T 0
4 6 H 180
12 16 H 270
22 3 T 90

3 13 T 0
3 24 H 180
0 27 H 90
9 13 T 180
3 17 H 180
18 6 H 180


14 -7 T 90
4 20 H 0
10 24 T 180
4 -4 H 180
6 11 T 180
0 24 H 90
0 24 H 270
20 16 T 180
1 19 T 0
21 24 T 270
4 23 H 180
22 20 H 0
-1 16 T 0
22 20 H 180
21 20 T 0
26 24 T 180
-4 19 H 180
-7 24 T 90
7 20 H 270
24 15 T 90


-3 3 H 90
24 16 T 0
24 24 T 180
5 5 T 90
28 14 T 270
23 7 T 90
12 20 H 270
15 17 H 180

0 4 H 270
0 9 T 180
18 1 T 90

24 10 H 90



9 -6 H 180

14 26 T 0


28 21 H 270
24 2 T 90
-1 7 H 90
-4 22 H 180
0 3 T 90

11 16 H 90
22 5 T 0
27 -3 T 180
-7 14 T 90




24 22 H 180



11 10 T 90

24 -6 H 270

22 0 H 90
-5 16 H 180

4 1 H 270
20 1 T 90
1 11 T 270

11 18 T 90

1 12 H 0
-5 2 H 180
2 15 H 90


9 14 H 180
18 23 T 180

-6 6 T 90

19 18 T 180

13 24 H 180
10 12 H 180


16 3 T 90

15 3 H 180

-5 -2 H 180

-2 10 T 90



23 -7 H 180



21 1 H 270

24 1 H 90





30 -2 H 270

24 -6 T 90









-3 9 H 180


30 22 T 270

-1 15 T 90
11 -6 H 270
8 -6 H 180


24 20 T 90
21 -1 T 180




18 17 H 180


8 -7 H 180







16 -3 H 180







19 22 H 90









-5 15 H 180



20 24 H 180
-5 16 H 180
-6 17 H 180












10 24 T 90







