0 0 H 0
0 -6 H 180
1 2 H 90
-5 -7 H 180
5 0 H 270

8 -1 H 270
8 6 H 0
15 7 T 270
4 3 H 180
8 0 H 0
5 -6 H 180
10 12 T 0
10 9 H 180
4 11 T 270
1 -5 H 180
12 8 H 90
6 3 H 90
15 10 H 90
20 12 H 270
7 12 T 90
14 16 H 0
11 15 H 270
5 -3 H 180
17 15 T 90
13 20 T 270

9 22 H 90
9 21 T 90
22 9 H 180
16 20 H 90
13 28 H 0
9 18 H 270
6 7 T 90
6 17 H 180
4 21 H 180
0 25 H 90


12 20 H 270
19 10 H 270

4 18 H 270
4 24 T 90



3 21 T 0
11 5 T 0
11 24 T 90

12 24 H 90
25 16 H 270
3 19 T 0
1 21 H 90

5 4 H 180

18 8 H 90
7 21 T 90

22 10 T 0
19 5 H 180
17 13 T 180
19 22 H 0
0 13 T 90
21 19 T 180
9 12 T 270

21 4 H 180
-2 16 T 0
23 19 T 180

-2 21 H 90
24 27 H 0
-4 21 H 180
13 21 T 90
13 24 H 180
-3 14 H 180


17 24 T 90
24 6 H 180
0 25 H 0
15 23 T 90
-4 28 H 90
24 8 H 180
24 1 H 180
20 24 H 180

24 15 H 90
27 24 H 270
24 21 H 90

-3 3 T 0



24 16 H 180

22 1 H 180


13 -5 T 180
-5 24 H 180
15 1 T 270
20 0 H 180
10 -5 T 90
22 3 T 270
21 0 H 270
26 16 T 180
0 15 T 180
10 -7 H 180




12 24 H 270



4 24 H 180
16 1 T 90
21 -2 H 180

10 6 T 180
23 14 H 180

15 18 H 0
5 5 H 180
23 1 H 90
18 0 T 0
23 16 T 0

0 13 H 0
13 -7 H 180
26 0 H 0


14 14 H 180
24 0 T 0

17 -5 T 90

-6 4 T 0

23 -2 T 90
24 -3 T 90


-5 7 T 90

17 -4 H 180

10 19 H 90

8 16 H 0

0 6 H 0

-6 4 H 180



16 15 H 270
-3 2 T 90
4 3 T 180





11 16 H 180

0 3 T 90








26 17 T 270
20 11 T 90




24 23 T 90
24 22 T 90
-3 0 H 180


0 24 T 90
16 3 T 90




12 15 H 180


21 19 H 180







20 18 H 180
8 8 H 270

9 5 H 90














18 18 H 180




-4 24 T 90
8 -1 H 180






0 17 H 270







-5 23 H 90
-5 11 H 180


-3 4 H 180

