0 0 H 0
0 -6 H 180
1 2 H 90
-5 -7 H 180
5 0 H 270

8 -1 H 270
8 6 H 0
15 7 T 270
4 3 H 180
16 8 H 0
6 -3 H 180
10 12 T 0
1 -5 H 180
4 11 T 270
2 -7 H 180
12 8 T 0
20 4 T 180
19 11 T 270
19 14 T 270
23 8 H 270
17 8 H 270
20 12 T 180
12 9 H 180

23 16 H 0

13 14 T 270
11 0 T 90
15 2 T 270
14 5 H 0
15 20 H 0
6 12 H 180
6 7 T 90
11 -4 H 180

9 23 H 90

26 12 H 270
11 17 H 180
9 22 T 90
21 8 T 0
28 11 H 270
7 18 H 180

4 22 H 180
16 0 T 0
23 8 H 180
14 -6 H 270
22 3 T 90

5 26 T 270
24 18 H 90
14 25 T 0
6 13 T 270

14 -7 T 90


18 6 H 180

10 24 T 180
2 20 H 180
3 10 T 90
28 20 H 0
11 14 H 180

21 20 T 0
21 17 H 180
16 15 H 180
26 1 T 180

5 16 H 180
28 25 T 270

21 24 T 0
5 16 T 90
10 12 T 90
6 18 T 180


-3 3 H 90
24 6 H 180
20 24 T 180
24 9 T 90

-5 -1 H 180
10 12 H 270
4 -4 H 180

0 6 H 270
5 6 H 180
18 1 T 90
5 30 H 0
19 24 T 0
3 12 T 180


24 0 H 180

23 24 T 180


-1 19 H 180
-4 2 H 180
1 24 T 180
11 10 H 180
-1 23 T 90

1 11 H 270
1 18 H 90
0 26 H 0
-7 10 T 90




12 20 H 270
0 22 H 0

-1 20 T 0
18 13 H 180
-3 6 H 180
-6 12 H 180

22 23 T 180
-5 14 H 180

9 7 H 270
-7 -2 T 90
21 -1 T 180
24 0 T 0
1 17 H 270

25 21 H 270
1 24 H 180
30 4 H 0


16 19 H 180


16 -3 H 180

10 24 T 90

11 24 T 90
12 24 T 90




19 -7 H 180

27 -4 H 270

0 24 H 270



20 -1 H 180



16 0 H 180
4 3 H 270
20 23 H 180





-4 14 T 90

3 4 T 90







24 24 H 180

3 5 H 180




23 -4 H 180
-3 18 T 0
0 2 H 180


22 23 T 90





-3 1 H 180










4 -6 T 90
1 12 H 0

19 18 T 180




-5 23 H 180









13 17 H 180


16 8 T 0
23 22 H 180
24 21 T 90
21 -3 H 180






27 -2 H 270







12 -6 H 270



14 3 T 90

