
15 23 T 90
19 24 H 180
17 21 H 180



15 29 H 0
20 26 T 270
14 21 H 270
9 25 H 90
7 24 H 180

20 24 T 90

11 21 H 180
27 29 T 270
26 28 T 270
11 27 H 0

22 20 T 180
28 26 H 0

23 21 H 180
24 24 T 90
22 19 H 180


5 20 T 90

18 19 H 270
25 21 H 0

24 13 T 90
7 21 H 180



14 17 H 270
6 24 H 90
24 17 T 90

22 15 H 180
9 16 H 0




24 18 T 180
6 14 H 180

19 15 T 90

4 19 T 0
8 9 T 90

3 8 H 180


2 10 H 180

5 14 T 270
11 24 H 180
17 16 H 270
15 16 H 0
24 9 T 90
14 16 T 0
16 23 H 0
4 24 H 90
8 22 H 180
26 1 T 180


20 12 T 90
25 11 T 180



20 7 T 90


27 -1 T 180
21 4 H 270
21 14 H 270


22 8 H 180
25 8 H 0
13 3 T 90
15 9 H 270

22 13 T 180


22 10 T 0
18 6 T 180


21 -3 H 180
13 7 T 0


1 25 H 90
21 3 T 180
23 11 H 270
0 25 H 0
-2 24 H 180
0 24 H 180


17 14 H 270
4 23 H 90
-4 24 T 90








14 11 T 90
-5 24 T 90
13 7 H 180


9 5 H 90

13 8 H 180
15 7 H 180
0 22 H 0
24 0 T 0
11 6 T 0

-5 20 H 90
9 4 H 180
13 8 H 0

6 7 T 0
-6 20 H 180
16 -2 H 270
15 -4 H 270
8 -2 T 90

7 16 T 90

5 7 T 90
9 -6 H 180


0 14 H 270

8 9 H 180
9 6 H 0
1 7 H 90

11 9 T 180
7 3 H 0
3 17 H 0

17 9 H 180
2 19 T 90


-4 17 H 180
8 5 H 270
5 -1 T 180




3 0 T 0
30 -2 H 270

23 -5 T 90






0 19 H 90
5 15 T 90

-3 11 T 90


18 0 H 0

17 -6 T 90
8 1 T 270
19 -7 H 180

1 15 T 270
0 11 T 90
21 1 H 270




7 -6 H 180

0 11 T 270

18 2 H 90





0 0 H 0

5 0 T 0

2 21 T 90



0 3 H 270
2 4 H 0

1 8 T 90







4 -4 H 180



-3 6 H 180
1 20 T 90
2 -1 H 180



6 12 H 0


16 6 H 90



3 3 T 180

-4 7 H 180

0 -1 H 270
17 -2 T 90

21 -1 H 270
2 14 H 180

