0 0 H 0
0 -6 H 180
1 2 H 90
-5 -7 H 180
5 0 H 270

8 -1 H 270
8 6 H 0
15 7 T 270
4 3 H 180
6 -3 H 180
5 -6 H 180
11 -5 T 90
5 -4 T 90
12 -2 H 180
9 -5 H 180
10 -1 T 90
11 1 H 180
18 7 T 270
0 3 T 270
17 -5 H 180
8 0 H 0
18 5 T 180
-3 -4 H 180
24 0 T 0
23 -3 H 270

9 12 H 90
23 1 T 0
7 12 T 90
30 -3 H 270

3 10 T 0
16 4 T 90
7 -7 H 180
18 3 T 0
6 9 T 180

8 20 H 90
6 13 H 0
9 22 T 90
1 14 H 90
10 12 T 270
6 20 H 90
3 19 H 90
4 22 H 180
0 24 T 90
-2 19 H 180
10 13 T 0
15 -7 T 90

-3 2 T 90
18 7 H 90
13 9 T 90
9 22 H 0
20 10 T 180
19 5 H 180

21 10 T 90
22 3 T 90

19 12 H 180
9 2 T 90
4 17 T 180
3 16 H 0
0 11 H 270
22 1 H 180
20 17 T 270
18 20 H 270
17 -1 H 180
22 24 T 270
24 24 H 270

15 15 T 180

20 23 T 0
14 -1 T 90
6 19 H 180
28 12 H 0


24 24 T 90
16 17 H 180
13 24 H 180
18 11 T 90
28 28 T 270
8 12 H 180
20 6 H 90
-4 -3 H 180

0 17 H 270
8 17 T 270
-4 19 T 90

11 22 H 90


26 15 H 270
-4 17 H 180
28 13 H 270
17 24 T 90


6 23 T 90
24 9 T 90

21 -3 H 180
17 -3 H 180

16 13 H 270

28 27 T 270
24 19 H 180




7 21 T 270



-6 14 T 90
-3 6 H 180
-2 24 T 90

24 17 T 0
16 29 H 0

16 22 H 0
7 21 H 180
28 18 H 270

12 10 H 180

28 17 H 270
17 3 H 180
21 17 H 180


24 5 H 180
0 24 H 270

-4 9 H 180

30 15 T 180

24 3 T 90
4 11 H 180




23 -2 H 180

12 12 H 180

12 9 H 0



23 1 H 180



9 30 T 0
-4 27 T 0






7 24 H 180

6 4 T 90









-2 1 H 180




4 9 T 90
8 24 H 270
18 23 H 180


3 23 H 180
24 16 T 180




-5 23 H 180










19 14 H 180
1 5 T 180

0 3 T 90




8 20 H 270









17 16 H 180



16 24 T 90

11 21 H 180















-6 20 T 90




