
-3 -4 H 180

-7 -4 H 180
-4 -1 H 180



0 1 H 270
-5 -5 H 180
3 7 H 0
-2 2 H 180

-3 -6 T 90
2 0 H 90
-2 3 H 180

0 9 T 270
-5 11 T 0

6 -1 T 180
0 3 H 180

-4 -7 H 180

5 0 T 180

5 6 T 0
4 3 T 0

9 2 H 270


-1 16 T 0
4 1 H 180
1 15 H 180



8 -5 H 270
9 -6 T 180

3 12 H 180
10 0 H 90



6 13 H 180
6 -3 T 90
1 -7 T 90

12 0 H 90
-6 16 H 90
19 0 H 0
3 5 H 180
2 21 T 0
5 -7 T 90


7 1 T 90

13 17 H 0
6 2 H 180
7 20 H 270
9 20 T 270

15 5 H 0
-3 18 T 90

6 -7 H 180
0 23 T 270


19 1 H 90

5 21 T 180


13 7 H 90


15 5 T 180
15 11 H 90
16 10 H 90


14 0 T 180
17 -4 H 270
14 -7 H 180

19 18 H 270
17 8 T 0


25 5 H 270
13 17 H 270


10 -1 H 180




21 1 T 180
15 2 H 180

20 6 H 180
13 6 H 180


0 27 H 0
6 6 H 270
15 7 H 180








16 -1 H 180
21 17 T 180
22 4 T 90


22 -5 H 180

24 13 H 0
19 7 H 180
11 15 H 180

18 5 T 0

24 -5 H 180
-7 -7 H 180
21 -2 H 270

6 24 H 270
6 4 H 180
-3 11 T 0
20 19 T 90
17 -3 T 90

16 3 H 90

23 -2 T 90
19 -7 H 180
20 15 H 270

10 19 H 180
24 16 T 90
20 -7 H 180
24 15 T 270
17 0 H 90
24 20 T 90
10 12 T 270
13 10 T 180
13 24 T 0

24 -6 H 180
22 19 T 270
24 1 H 180

6 13 T 0
6 22 H 0
10 16 H 0

24 12 H 90



1 16 T 0

4 8 T 90


17 24 H 180





12 13 H 90
3 7 H 180


5 8 T 180

24 -3 H 180
2 19 H 90
-3 8 H 180

4 27 T 0
-7 7 T 90
12 24 T 180




-4 6 H 180
25 26 T 270


2 17 T 270


16 18 T 180







19 12 H 180





-4 19 T 90

20 15 T 90


23 23 H 180
1 29 H 0

-7 8 H 180


20 10 H 270
1 24 T 90
6 20 H 180
3 18 H 180


26 23 H 0
7 22 H 90

29 14 H 270
10 23 H 0



24 24 H 180
16 26 T 0
11 18 H 270
16 13 T 90
6 23 H 90
9 24 H 180
21 17 H 90
9 26 H 90
-7 13 T 90

