0 0 H 0
0 -6 H 180
1 2 H 90
-5 -7 H 180
5 0 H 270

8 -1 H 270
8 6 H 0
15 7 T 270
4 3 H 180
16 8 H 0
5 -6 H 180
10 12 T 0
1 -5 H 180
4 11 T 270
2 -7 H 180
12 8 T 0
6 3 H 90

0 3 T 270
7 12 T 90
14 16 H 0
11 15 H 270
-7 -2 H 180

14 7 T 90

11 23 T 270
11 0 T 90
15 2 T 270
14 5 H 0
15 12 T 90
8 7 H 270
17 12 H 270
11 -4 H 180
22 14 H 0



7 13 H 0
6 6 T 90
24 9 T 90
16 9 T 0
14 15 H 270
18 7 T 0

16 0 T 0

18 15 H 0
5 4 H 180

-3 2 T 90
24 14 H 90
20 5 T 270
16 14 T 180
12 24 T 180
14 -7 T 90


24 5 H 180

5 24 H 180
-4 -3 H 180
23 13 H 180
9 14 H 0
9 22 H 90
0 24 H 180
24 21 H 90
23 20 T 0
4 23 H 180
0 9 H 270


12 24 T 90
24 27 H 0
-4 26 T 0
24 18 T 90
25 4 T 180
12 22 T 0
0 24 T 0
4 22 H 0
17 24 T 90
20 16 T 90
27 10 H 0
15 23 T 90
7 15 H 0
1 21 H 180
13 17 H 270
11 19 T 90

0 16 H 270
4 18 H 180
-4 17 H 90

0 27 T 270

19 19 H 180

5 -3 H 180
16 17 H 90
3 19 H 0
0 15 H 90

27 19 H 270
20 19 T 90

3 20 H 180
3 16 H 180


21 2 T 270
17 0 H 180
18 -2 T 90




0 24 T 270



-6 16 T 90
24 24 H 180
26 10 H 270

13 23 H 180
14 22 H 90

8 23 H 180
23 23 H 180
7 14 H 270

24 2 T 90

20 17 H 270
-6 10 H 180
2 19 H 90

27 1 T 180
-5 24 H 180
1 6 T 180

21 -3 T 90

19 20 T 270

9 -6 H 180
-2 1 H 180




-1 8 H 180

5 3 H 270

20 13 T 90


24 0 T 0
-1 10 H 180



26 12 H 270

23 12 T 180





21 24 H 180

0 3 T 90









19 -6 H 180




8 -7 T 90

16 10 H 180


23 -7 H 180





20 0 H 180


23 -2 T 90







24 -3 T 90
-3 11 T 90

19 6 T 90




21 29 H 90









18 5 H 180




-4 10 T 90
-3 -4 H 180















-3 5 H 180


20 1 H 180

