0 0 H 0
0 -6 H 180
1 2 H 90
-5 -7 H 180
5 0 H 270

8 -1 H 270
8 6 H 0
15 7 T 270
4 3 H 180
16 8 H 0
5 -6 H 180
10 12 T 0
1 -5 H 180
4 11 T 270
2 -7 H 180
12 8 T 0
6 3 H 90

0 3 T 270
7 12 T 90
14 16 H 0
11 15 H 270
5 -3 H 180

14 7 T 90

11 23 T 270
11 0 T 90
15 2 T 270
14 5 H 0
15 12 T 90
8 7 H 270
17 12 H 270
11 -4 H 180
22 14 H 0



7 13 H 0
6 6 T 90
24 9 T 90
16 9 T 0
14 15 H 270
18 7 T 0

16 0 T 0

18 15 H 0
5 4 H 180

-3 2 T 90
24 14 H 90
20 5 T 270
16 14 T 180
12 24 T 180
14 -7 T 90


24 5 H 180

5 24 H 180
-4 -3 H 180
23 13 H 180
9 14 H 0
9 22 H 90
0 24 H 180


-7 -2 H 180
0 9 H 270


28 21 T 270
5 15 T 270
-4 26 T 0
-2 1 H 180
25 4 T 180
12 22 T 0

4 20 T 90
0 22 T 180
11 30 H 90
27 10 H 0
0 9 H 180
21 12 H 180
3 11 T 180
13 17 H 270
11 19 T 90

13 21 H 90
3 18 T 0
1 18 T 90
15 22 H 90
4 16 H 270


21 16 H 180
-3 -4 H 180
18 29 H 0
23 24 T 180


20 23 T 90
24 2 T 90
1 23 T 0
19 13 H 180
11 22 T 90


22 5 T 0
27 -3 T 180
-7 12 T 90




2 20 T 90
21 14 H 270


2 14 T 90
24 0 H 90
4 19 T 180
27 24 H 270
26 23 H 0
28 24 H 270

20 1 H 180
17 11 T 90
18 23 T 0

9 -6 H 180

-5 24 H 180
15 22 H 180
-5 24 H 180

0 17 H 0
17 0 H 180
19 20 H 0
18 -2 H 180
14 -3 T 90

30 3 H 0

21 -7 H 180
19 -6 H 180


29 23 H 270

-2 23 H 180

13 0 H 0

-6 17 H 180



-1 20 H 180



24 21 T 90
24 19 H 180






-4 18 H 180

23 -5 T 90









23 17 T 90


2 18 T 270

-4 17 H 180
-3 11 H 90
14 24 H 180


-2 3 T 90





15 12 H 180


-3 6 H 180







17 18 H 180
23 4 H 0

19 6 T 90




0 3 H 180









8 22 H 180



-4 5 T 90
18 -2 H 180
18 5 H 180




















