
12 17 H 180
9 24 H 90
9 18 H 180
15 24 H 270




7 19 H 180
12 24 H 180
12 19 H 180
4 25 T 0
11 23 H 180

9 24 H 180
20 23 H 0
20 23 T 180
6 18 T 90

8 16 H 180
8 30 H 90

1 21 H 180

7 29 T 0


0 28 T 0

8 16 H 180


8 22 T 270
1 15 H 180




0 20 H 180
22 26 T 270
2 22 H 0
0 19 T 0
1 13 T 180


18 16 T 180
18 24 H 180
22 18 T 180
7 21 T 90

0 26 H 0
0 19 H 270
22 15 T 180
5 24 H 0
9 18 H 0
9 16 H 180


10 16 H 180


6 20 H 180
17 14 H 270
-3 20 T 0

2 18 T 0


17 24 H 180
7 10 H 270


-3 15 T 0


-2 10 H 180
1 17 T 180
6 14 H 180


3 10 H 180
-1 9 H 180
0 14 H 0
5 24 H 180
6 6 T 90
7 14 H 180
6 10 H 270
-7 12 T 90


11 13 H 0
17 12 T 180

7 14 H 90



1 7 H 180

20 17 H 180


24 14 T 180
6 4 T 90

18 19 H 180
6 10 H 180

11 13 H 90

15 7 T 180
12 9 T 90




15 9 T 180
24 24 T 0


20 16 T 90
20 7 T 180
20 10 T 180

12 8 T 270
10 3 H 180

8 5 H 270
2 6 H 180
22 4 T 180

11 1 H 270

9 5 H 90
13 24 H 180
9 10 H 0

18 7 T 270
16 10 H 180
14 4 H 180
1 24 H 270
15 24 H 180

3 8 H 90

3 0 H 180
17 10 T 90


19 3 T 90

16 2 H 180

1 30 H 90

27 1 H 270

26 25 H 0

19 -1 H 180
28 21 T 270


21 0 T 90
5 -1 H 270
16 0 T 180





24 14 T 90
24 10 T 180
11 -1 T 90







27 28 H 0
11 -2 H 180
20 8 H 180


22 10 T 90

0 24 T 90
21 3 H 0
20 -2 H 180


3 -1 H 180
18 -1 T 90




13 3 H 180

28 18 T 270
24 3 T 90
25 12 T 180
23 24 H 180

2 -3 H 180



-5 22 H 180
23 4 H 0

18 -4 T 90
18 -5 H 180


3 -2 H 180
26 11 H 270
9 0 H 90
-3 6 H 180

0 5 T 180





18 -7 H 180
0 -5 H 180

20 -5 H 270
10 -7 T 90
8 -2 T 90
1 -7 H 180


23 0 H 90
20 6 H 180

-4 2 H 180
24 24 H 180



0 4 T 270
21 1 T 0
24 -2 H 180
30 8 H 270
21 -3 H 180
12 -5 T 90
25 10 H 0
6 -3 H 180


