0 0 H 0
0 -6 H 180
1 2 H 90
-5 -7 H 180
5 0 H 270

8 -1 H 270
8 6 H 0
15 7 T 270
4 3 H 180
6 -3 H 180
5 -6 H 180
11 -5 T 90
5 -4 T 90
12 -2 H 180
7 -7 H 180
10 -1 T 90
11 1 H 180
18 7 T 270
0 3 T 270
17 -5 H 180
8 0 H 0
18 5 T 180
1 -5 H 180
24 0 T 0
23 -3 H 270

9 12 H 90
30 -2 H 270
7 12 T 90
22 1 H 90

3 10 T 0
16 4 T 90
-7 -2 H 180
18 3 T 0
1 9 H 180

8 20 H 90
6 13 H 0
9 22 T 90
6 14 T 270
10 12 T 270
6 20 H 90


0 11 T 270
6 20 T 90
8 12 H 180
-7 8 H 180

-3 2 T 90
0 18 H 270
-4 25 T 0
11 13 H 90
12 24 T 180
15 -7 T 90


17 1 H 180

5 24 H 180
17 -3 H 180
15 17 T 180
5 22 T 180
2 17 T 90
16 18 H 0
5 18 H 270

6 17 H 180
18 14 T 180
18 14 T 0

24 9 H 0
21 15 H 270
25 15 T 180
14 -1 T 90
19 7 H 270
25 6 H 0


0 24 T 90
11 30 H 90
2 16 T 270
24 1 H 180
14 24 T 90
-2 11 T 90
28 10 H 0
9 2 T 90

24 9 H 90
13 16 H 90
23 12 H 90
20 22 T 270
17 24 H 180

26 12 H 270

-3 -4 H 180

22 25 T 270


13 19 T 90
3 20 H 180
23 19 T 0
18 7 H 180
23 6 T 90
21 22 H 90
24 19 H 90
20 24 H 180
21 -1 H 180
24 13 T 90




-2 8 H 90



-4 -3 H 180
-3 18 T 90
10 10 H 270

18 22 H 0
-3 6 H 180

-3 6 H 180
-4 17 T 90
0 28 H 0

18 18 H 180

0 22 H 270
22 13 H 180
0 3 H 180


17 12 H 180
27 24 T 180

-4 22 T 90

22 23 T 270

24 24 T 90
-5 23 H 180




24 0 H 180

10 11 H 270

24 24 T 0



15 7 H 180



12 5 H 270
2 19 H 180








3 18 T 90







23 23 T 90

23 18 H 180


21 24 H 90

11 10 T 90
1 15 H 270
22 21 H 180


-2 15 T 90





4 16 H 180










20 4 H 180
-3 14 H 180






6 9 H 90









20 -3 H 180



-3 12 T 90
-4 13 H 180
23 -6 H 180




















