7 11 H 270
1 13 H 180
-1 13 H 180
6 9 H 270
-1 10 T 90
-3 13 H 180
5 15 T 270
7 6 H 270
0 7 H 180
1 17 H 0
-6 12 T 90
-4 10 T 90
-2 8 H 180
7 4 H 270
-6 9 H 180
-4 8 H 180
-2 7 H 180
-1 11 T 0
0 9 H 90
1 7 T 0
7 4 T 270
0 1 H 180
-6 6 H 180
-2 3 H 180
2 5 T 180
-4 4 H 180
6 -1 H 270
-3 2 H 180
1 -4 H 180
1 -6 H 180
-6 4 T 90
-5 2 H 180
0 -3 T 90
-1 -1 T 90
2 6 H 0
-5 0 H 180
-3 -1 H 180
-1 0 H 90
0 -1 H 270
-2 -3 T 90
-4 -3 H 180
-3 0 H 90
-5 -6 H 180







