0 17 T 0
-2 13 H 180
4 11 T 180
3 10 T 180
2 10 T 90
-4 13 H 180
1 18 T 0
-4 16 T 0
-6 9 H 180
-5 17 T 0
6 14 H 0
0 13 T 0
-3 8 H 180
4 6 T 180
1 6 H 180
1 5 H 180
-1 4 H 180
-4 12 T 0
0 13 H 0
-6 5 T 90
7 8 T 270
6 6 H 0
-3 5 H 180
-5 4 H 180
7 -1 H 270
1 -3 T 90
7 -5 H 270
5 -4 H 270
0 2 H 180
-3 2 H 180
0 -6 H 180
5 -1 H 270
-1 2 T 90
-2 -4 T 90
0 8 H 0
-2 -2 T 90

-3 6 T 0
1 -3 T 180
-4 0 H 180
-6 1 H 180
-4 4 T 0
-6 -2 T 90
-4 -4 H 180



-4 0 T 0

-5 -6 H 180
