-5 -6 H 180
2 -5 T 180
1 -3 T 180
2 -2 T 180
-1 -5 T 90
1 -6 H 180
-6 4 H 90
-6 -4 T 90
1 -5 H 180
5 1 T 270
7 -2 H 270
-5 1 H 180
6 -1 T 180
-1 -1 H 180
1 1 H 180
0 -2 H 180
-2 2 H 180
-3 0 H 180
1 -1 T 180
-1 1 H 180
-5 8 T 0
-5 4 H 180
-3 3 H 180
-1 3 H 180
0 5 T 180
-3 5 H 180
4 5 T 180
1 5 H 180
1 3 H 180
-1 7 H 180
7 7 H 270
1 14 T 0
-6 9 T 90
-3 7 H 180
-6 17 H 90
3 8 T 180

-5 14 H 90
-5 12 T 90
-1 13 H 180
-2 11 H 180
-4 15 H 90
-3 11 T 90
1 10 H 180
1 12 H 180


1 11 H 180


