-3 18 T 0
0 13 T 180
-1 13 H 180
1 13 H 180
0 10 T 90
2 11 T 90
6 15 T 270
-2 14 T 0
-3 10 H 180
-5 15 T 0
-5 11 H 180
-3 12 T 0
-4 8 H 180
1 5 T 180
-6 7 H 180
1 8 H 180
1 7 H 180
-6 5 T 90
4 11 H 0
7 5 H 270
5 10 H 0
1 3 H 180
1 1 H 180
-2 3 H 180
-6 3 T 90
2 1 T 180
-1 1 H 180
0 1 T 180
1 -1 H 180
-4 3 H 180
5 0 H 270
-2 -1 T 90
1 -2 H 180
2 -4 T 90
2 4 T 270
-5 -1 H 180

0 -2 T 180

1 -4 T 90
-1 -4 H 180
-3 2 T 0
-4 -4 H 180
-1 -5 H 180
1 -6 T 180



-6 -4 T 90

