21 1 H 180
13 7 H 180
16 3 T 0
11 1 T 270
18 10 T 270
17 9 T 0
12 9 H 0
16 0 H 180
24 2 H 180
19 14 H 270
10 12 H 90
22 15 T 0
15 -7 H 180
23 18 H 0
18 12 H 180
26 3 H 270
30 11 T 90
22 16 H 270
12 5 T 90
17 9 H 0
7 7 T 270
9 6 H 180
1 6 H 90
17 6 H 0
17 -2 T 0
27 0 T 90
21 1 T 180
14 1 T 180
24 0 H 0
8 4 T 180
28 -3 H 90
24 -5 H 0
17 21 T 180
24 12 H 0
21 -1 T 90
23 -5 H 180
22 -1 H 270
19 -1 H 270
19 -2 H 270
20 -2 T 270
28 14 T 180
15 16 T 0
21 -5 T 180
0 1 H 90
-2 1 H 270
0 2 H 0
24 14 H 90
0 4 T 180
-7 8 T 0
2 0 T 270
6 -1 T 0
22 16 T 0
24 16 H 180
22 16 H 90
16 18 H 180
23 20 H 180
17 24 H 270
18 25 H 0
11 -7 T 180
24 23 T 0
17 20 H 0
24 25 T 180
24 19 H 270
-7 -4 H 90
-3 0 T 0
7 11 T 0
15 15 T 180
-4 -3 T 270
0 -2 H 270
23 17 T 180
-5 -4 H 180
-3 -5 T 180
2 0 H 0
4 8 H 270
24 28 T 180
24 23 T 270
4 -6 T 270
-5 -6 H 90
-3 -7 H 0
13 24 T 180
10 24 H 0
21 22 T 90
11 16 T 90
7 12 H 90
9 19 H 90
2 9 H 270
6 16 H 180
9 21 H 270
8 21 H 270
23 24 T 270
9 23 H 0
9 24 H 270
9 0 T 270
24 24 H 180
3 -5 T 270
9 -2 H 90
8 -4 H 270
5 -3 H 270
12 4 T 270
5 18 T 90
-7 9 H 270
-2 9 T 270
9 -6 H 180
6 15 T 270
7 17 H 270
7 24 T 0
12 24 T 270
9 21 H 0
5 -7 H 90
9 22 H 90
0 17 T 270
-6 13 H 270
-4 10 H 180
0 19 T 90
1 19 T 270
-5 20 H 90
5 18 T 90
11 24 T 90
1 15 H 270
1 23 H 0
6 21 H 180
-1 21 T 180
1 17 H 0
4 23 T 90
-4 21 H 180
5 21 H 180
0 19 H 0
0 21 H 180
1 22 H 270
-5 22 H 90
3 24 H 180
-7 23 H 90
1 24 H 90
-3 23 T 90
-2 23 H 180
-1 23 H 0
-7 24 H 90
-1 24 T 180
