22 9 H 180


23 12 T 180
23 14 T 180
20 15 T 270
24 6 T 270
23 3 T 90

16 14 T 90

25 1 H 0

22 2 T 180

25 16 H 270
23 -5 T 180
19 4 T 0
16 12 H 90
18 7 H 90


18 16 T 180
14 15 H 180

26 6 H 0

25 13 T 90
26 19 T 180

13 11 H 180
28 24 T 270
19 -5 H 90
26 24 H 90



17 -5 T 180
22 23 T 180
17 10 H 0
11 1 H 270
22 21 H 180
16 20 H 0
12 26 T 0
7 0 T 90
5 1 T 0

9 22 T 270
0 -4 H 90



14 22 H 90
9 -3 H 0
11 8 T 180

3 5 T 90






22 2 T 180
11 5 H 0


8 19 T 180
2 22 H 270
20 24 H 270
20 25 H 90
13 23 H 180


7 21 H 270
16 24 H 90
12 19 H 0

1 18 H 0
15 4 H 0

26 25 H 180


6 16 T 0
5 17 H 90


10 24 T 180
6 10 H 0

3 10 T 180
11 12 H 270
3 10 T 0

6 6 H 180
1 15 H 180

5 14 T 0

0 8 H 180
8 8 H 270
15 6 T 0
6 20 H 180

-1 2 T 0
-5 12 H 270

-1 10 H 180

1 20 H 180

20 11 H 90
12 22 H 90
14 6 T 0
1 22 H 90
17 15 H 90
9 23 H 90
10 2 H 270





0 4 T 0
7 11 T 270
0 23 H 0
14 -1 H 90




22 9 H 180
17 20 T 90


19 3 T 90


16 17 T 0

0 1 T 90



3 1 T 270
6 3 H 180



